1.87074858334e+00 -4.34697836775e-01 1.85678314154e+00 -4.00961867903e-01
1.87773130423e+00 -4.23452513818e-01 1.86376586244e+00 -3.89716544945e-01
1.88471402513e+00 -4.12207190860e-01 1.87074858334e+00 -3.78471221987e-01
1.89169674603e+00 -4.00961867903e-01 1.87773130423e+00 -3.44735253114e-01
1.89867946693e+00 -4.00961867903e-01 1.88471402513e+00 -3.22244607199e-01
1.90566218783e+00 -3.89716544945e-01 1.89169674603e+00 -2.99753961284e-01
1.91264490872e+00 -3.89716544945e-01 1.89867946693e+00 -2.77263315369e-01
1.91962762962e+00 -3.78471221987e-01 1.90566218783e+00 -2.43527346496e-01
1.92661035052e+00 -3.78471221987e-01 1.91264490872e+00 -2.21036700581e-01
1.93359307142e+00 -3.78471221987e-01 1.91962762962e+00 -1.98546054665e-01
1.94057579231e+00 -3.67225899030e-01 1.92661035052e+00 -1.76055408750e-01
1.94755851321e+00 -3.67225899030e-01 1.93359307142e+00 -1.42319439877e-01
1.95454123411e+00 -3.55980576072e-01 1.94057579231e+00 -1.31074116920e-01
1.96152395501e+00 -3.44735253114e-01 1.94755851321e+00 -1.08583471004e-01
1.96850667591e+00 -3.22244607199e-01 1.95454123411e+00 -9.73381480466e-02
1.97548939680e+00 -3.10999284242e-01 1.96152395501e+00 -7.48475021314e-02
1.98247211770e+00 -2.88508638326e-01 1.96850667591e+00 -6.36021791737e-02
1.98945483860e+00 -2.77263315369e-01 1.97548939680e+00 -4.11115332585e-02
1.99643755950e+00 -2.54772669453e-01 1.98247211770e+00 -2.98662103009e-02
2.00342028040e+00 -2.43527346496e-01 1.98945483860e+00 -7.37556438561e-03
2.01040300129e+00 -2.21036700581e-01 1.99643755950e+00 1.51150815296e-02
2.01738572219e+00 -2.09791377623e-01 2.00342028040e+00 2.63604044873e-02
2.02436844309e+00 -1.87300731708e-01 2.01040300129e+00 4.88510504025e-02
2.03135116399e+00 -1.76055408750e-01 2.01738572219e+00 6.00963733602e-02
2.03833388489e+00 -1.53564762835e-01 2.02436844309e+00 8.25870192754e-02
2.04531660578e+00 -1.42319439877e-01 2.03135116399e+00 9.38323422330e-02
2.05229932668e+00 -1.19828793962e-01 2.03833388489e+00 1.16322988148e-01
2.05928204758e+00 -1.08583471004e-01 2.04531660578e+00 1.27568311106e-01
2.06626476848e+00 -8.60928250890e-02 2.05229932668e+00 1.50058957021e-01
2.07324748937e+00 -7.48475021314e-02 2.05928204758e+00 1.72549602936e-01
2.08023021027e+00 -5.23568562161e-02 2.06626476848e+00 1.83794925894e-01
2.08721293117e+00 -4.11115332585e-02 2.07324748937e+00 2.06285571809e-01
2.09419565207e+00 -1.86208873432e-02 2.08023021027e+00 2.17530894767e-01
2.10117837297e+00 -7.37556438561e-03 2.08721293117e+00 2.40021540682e-01
2.10816109386e+00 1.51150815296e-02 2.09419565207e+00 2.51266863640e-01
2.11514381476e+00 3.76057274449e-02 2.10117837297e+00 2.73757509555e-01
2.12212653566e+00 4.88510504025e-02 2.10816109386e+00 2.85002832513e-01
2.12910925656e+00 7.13416963178e-02 2.11514381476e+00 3.07493478428e-01
2.13609197746e+00 8.25870192754e-02 2.12212653566e+00 3.29984124343e-01
2.14307469835e+00 1.05077665191e-01 2.12910925656e+00 3.41229447301e-01
2.15005741925e+00 1.16322988148e-01 2.13609197746e+00 3.63720093216e-01
2.15704014015e+00 1.38813634064e-01 2.14307469835e+00 3.74965416174e-01
2.16402286105e+00 1.50058957021e-01 2.15005741925e+00 3.97456062089e-01
2.17100558195e+00 1.72549602936e-01 2.15704014015e+00 4.08701385047e-01
2.17798830284e+00 1.83794925894e-01 2.16402286105e+00 4.31192030962e-01
2.18497102374e+00 2.06285571809e-01 2.17100558195e+00 4.42437353919e-01
2.19195374464e+00 2.17530894767e-01 2.17798830284e+00 4.64927999835e-01
2.19893646554e+00 2.40021540682e-01 2.18497102374e+00 4.87418645750e-01
2.20591918643e+00 2.51266863640e-01 2.19195374464e+00 4.98663968708e-01
2.21290190733e+00 2.73757509555e-01 2.19893646554e+00 5.21154614623e-01
2.21988462823e+00 2.85002832513e-01 2.20591918643e+00 5.32399937580e-01
2.22686734913e+00 3.07493478428e-01 2.21290190733e+00 5.54890583496e-01
2.23385007003e+00 3.18738801386e-01 2.21988462823e+00 5.77381229411e-01
