1.07271101574e+01 1.00150214592e+00 1.37585836910e+01 1.00150214592e+00
1.07271101574e+01 1.00450643777e+00 1.37585836910e+01 1.00450643777e+00
1.07364091559e+01 1.00751072961e+00 1.37678826896e+01 1.00751072961e+00
1.07364091559e+01 1.01051502146e+00 1.37678826896e+01 1.01051502146e+00
1.07364091559e+01 1.01351931330e+00 1.37771816881e+01 1.01351931330e+00
1.07364091559e+01 1.01652360515e+00 1.37771816881e+01 1.01652360515e+00
1.07364091559e+01 1.01952789700e+00 1.37864806867e+01 1.01952789700e+00
1.07457081545e+01 1.02253218884e+00 1.37864806867e+01 1.02253218884e+00
1.07457081545e+01 1.02553648069e+00 1.37957796853e+01 1.02553648069e+00
1.07457081545e+01 1.02854077253e+00 1.37957796853e+01 1.02854077253e+00
1.07457081545e+01 1.03154506438e+00 1.38050786838e+01 1.03154506438e+00
1.07550071531e+01 1.03454935622e+00 1.38050786838e+01 1.03454935622e+00
1.07550071531e+01 1.03755364807e+00 1.38143776824e+01 1.03755364807e+00
1.07550071531e+01 1.04055793991e+00 1.38143776824e+01 1.04055793991e+00
1.07550071531e+01 1.04356223176e+00 1.38236766810e+01 1.04356223176e+00
1.07550071531e+01 1.04656652361e+00 1.38329756795e+01 1.04656652361e+00
1.07643061516e+01 1.04957081545e+00 1.38329756795e+01 1.04957081545e+00
1.07643061516e+01 1.05257510730e+00 1.38329756795e+01 1.05257510730e+00
1.07643061516e+01 1.05557939914e+00 1.38422746781e+01 1.05557939914e+00
1.07643061516e+01 1.05858369099e+00 1.38422746781e+01 1.05858369099e+00
1.07736051502e+01 1.06158798283e+00 1.38515736767e+01 1.06158798283e+00
1.07736051502e+01 1.06459227468e+00 1.38515736767e+01 1.06459227468e+00
1.07736051502e+01 1.06759656652e+00 1.38608726753e+01 1.06759656652e+00
1.07736051502e+01 1.07060085837e+00 1.38608726753e+01 1.07060085837e+00
1.07829041488e+01 1.07360515021e+00 1.38701716738e+01 1.07360515021e+00
1.07829041488e+01 1.07660944206e+00 1.38701716738e+01 1.07660944206e+00
1.07829041488e+01 1.07961373391e+00 1.38794706724e+01 1.07961373391e+00
1.07829041488e+01 1.08261802575e+00 1.38794706724e+01 1.08261802575e+00
1.07922031474e+01 1.08562231760e+00 1.38887696710e+01 1.08562231760e+00
1.07922031474e+01 1.08862660944e+00 1.38887696710e+01 1.08862660944e+00
1.07922031474e+01 1.09163090129e+00 1.38887696710e+01 1.09163090129e+00
1.07922031474e+01 1.09463519313e+00 1.38980686695e+01 1.09463519313e+00
1.08015021459e+01 1.09763948498e+00 1.38980686695e+01 1.09763948498e+00
1.08015021459e+01 1.10064377682e+00 1.39073676681e+01 1.10064377682e+00
1.08015021459e+01 1.10364806867e+00 1.39073676681e+01 1.10364806867e+00
1.08015021459e+01 1.10665236052e+00 1.39166666667e+01 1.10665236052e+00
1.08015021459e+01 1.10965665236e+00 1.39259656652e+01 1.10965665236e+00
1.08015021459e+01 1.11266094421e+00 1.39259656652e+01 1.11266094421e+00
1.08015021459e+01 1.11566523605e+00 1.39352646638e+01 1.11566523605e+00
1.08015021459e+01 1.11866952790e+00 1.39445636624e+01 1.11866952790e+00
1.08015021459e+01 1.12167381974e+00 1.39445636624e+01 1.12167381974e+00
1.08015021459e+01 1.12467811159e+00 1.39538626609e+01 1.12467811159e+00
1.08015021459e+01 1.12768240343e+00 1.39631616595e+01 1.12768240343e+00
1.08015021459e+01 1.13068669528e+00 1.39631616595e+01 1.13068669528e+00
1.08015021459e+01 1.13369098712e+00 1.39724606581e+01 1.13369098712e+00
1.08015021459e+01 1.13669527897e+00 1.39724606581e+01 1.13669527897e+00
1.08108011445e+01 1.13969957082e+00 1.39817596567e+01 1.13969957082e+00
1.08108011445e+01 1.14270386266e+00 1.39910586552e+01 1.14270386266e+00
1.08108011445e+01 1.14570815451e+00 1.39910586552e+01 1.14570815451e+00
1.08108011445e+01 1.14871244635e+00 1.40003576538e+01 1.14871244635e+00
1.08108011445e+01 1.15171673820e+00 1.40003576538e+01 1.15171673820e+00
1.08108011445e+01 1.15472103004e+00 1.40096566524e+01 1.15472103004e+00
1.08108011445e+01 1.15772532189e+00 1.40189556509e+01 1.15772532189e+00
1.08108011445e+01 1.16072961373e+00 1.40189556509e+01 1.16072961373e+00
1.08108011445e+01 1.16373390558e+00 1.40282546495e+01 1.16373390558e+00
1.08108011445e+01 1.16673819742e+00 1.40282546495e+01 1.16673819742e+00
1.08108011445e+01 1.16974248927e+00 1.40375536481e+01 1.16974248927e+00
1.08108011445e+01 1.17274678112e+00 1.40375536481e+01 1.17274678112e+00
1.08108011445e+01 1.17575107296e+00 1.40468526466e+01 1.17575107296e+00
1.08108011445e+01 1.17875536481e+00 1.40468526466e+01 1.17875536481e+00
1.08108011445e+01 1.18175965665e+00 1.40561516452e+01 1.18175965665e+00
1.08108011445e+01 1.18476394850e+00 1.40561516452e+01 1.18476394850e+00
1.08108011445e+01 1.18776824034e+00 1.40561516452e+01 1.18776824034e+00
1.08108011445e+01 1.19077253219e+00 1.40654506438e+01 1.19077253219e+00
1.08108011445e+01 1.19377682403e+00 1.40654506438e+01 1.19377682403e+00
1.08108011445e+01 1.19678111588e+00 1.40654506438e+01 1.19678111588e+00
1.08108011445e+01 1.19978540773e+00 1.40654506438e+01 1.19978540773e+00
1.08108011445e+01 1.20278969957e+00 1.40747496423e+01 1.20278969957e+00
1.08108011445e+01 1.20579399142e+00 1.40747496423e+01 1.20579399142e+00
1.08108011445e+01 1.20879828326e+00 1.40654506438e+01 1.20879828326e+00
1.08108011445e+01 1.21180257511e+00 1.40654506438e+01 1.21180257511e+00
1.08015021459e+01 1.21480686695e+00 1.40654506438e+01 1.21480686695e+00
1.08015021459e+01 1.21781115880e+00 1.40561516452e+01 1.21781115880e+00
1.08015021459e+01 1.22081545064e+00 1.40468526466e+01 1.22081545064e+00
1.08015021459e+01 1.22381974249e+00 1.40375536481e+01 1.22381974249e+00
1.08015021459e+01 1.22682403433e+00 1.40282546495e+01 1.22682403433e+00
1.08015021459e+01 1.22982832618e+00 1.40096566524e+01 1.22982832618e+00
1.08015021459e+01 1.23283261803e+00 1.39910586552e+01 1.23283261803e+00
1.08015021459e+01 1.23583690987e+00 1.39631616595e+01 1.23583690987e+00
1.08015021459e+01 1.23884120172e+00 1.39259656652e+01 1.23884120172e+00
1.08015021459e+01 1.24184549356e+00 1.38887696710e+01 1.24184549356e+00
1.08015021459e+01 1.24484978541e+00 1.38515736767e+01 1.24484978541e+00
1.08015021459e+01 1.24785407725e+00 1.38143776824e+01 1.24785407725e+00
1.08015021459e+01 1.25085836910e+00 1.37771816881e+01 1.25085836910e+00
1.08015021459e+01 1.25386266094e+00 1.37399856938e+01 1.25386266094e+00
1.08015021459e+01 1.25686695279e+00 1.37027896996e+01 1.25686695279e+00
1.08015021459e+01 1.25987124464e+00 1.36655937053e+01 1.25987124464e+00
1.08015021459e+01 1.26287553648e+00 1.36376967096e+01 1.26287553648e+00
1.08015021459e+01 1.26587982833e+00 1.36190987124e+01 1.26587982833e+00
1.08015021459e+01 1.26888412017e+00 1.36283977110e+01 1.26888412017e+00
1.08108011445e+01 1.27188841202e+00 1.36283977110e+01 1.27188841202e+00
1.08108011445e+01 1.27489270386e+00 1.36376967096e+01 1.27489270386e+00
1.08108011445e+01 1.27789699571e+00 1.36376967096e+01 1.27789699571e+00
1.08108011445e+01 1.28090128755e+00 1.36469957082e+01 1.28090128755e+00
1.08108011445e+01 1.28390557940e+00 1.36469957082e+01 1.28390557940e+00
1.08108011445e+01 1.28690987124e+00 1.36562947067e+01 1.28690987124e+00
1.08108011445e+01 1.28991416309e+00 1.36562947067e+01 1.28991416309e+00
1.08108011445e+01 1.29291845494e+00 1.36562947067e+01 1.29291845494e+00
1.08108011445e+01 1.29592274678e+00 1.36655937053e+01 1.29592274678e+00
1.08108011445e+01 1.29892703863e+00 1.36655937053e+01 1.29892703863e+00
1.08108011445e+01 1.30193133047e+00 1.36655937053e+01 1.30193133047e+00
1.08108011445e+01 1.30493562232e+00 1.36748927039e+01 1.30493562232e+00
1.08108011445e+01 1.30793991416e+00 1.36748927039e+01 1.30793991416e+00
1.08108011445e+01 1.31094420601e+00 1.36748927039e+01 1.31094420601e+00
1.08108011445e+01 1.31394849785e+00 1.36841917024e+01 1.31394849785e+00
1.08108011445e+01 1.31695278970e+00 1.36841917024e+01 1.31695278970e+00
1.08108011445e+01 1.31995708155e+00 1.36841917024e+01 1.31995708155e+00
1.08108011445e+01 1.32296137339e+00 1.36841917024e+01 1.32296137339e+00
1.08108011445e+01 1.32596566524e+00 1.36841917024e+01 1.32596566524e+00
1.08108011445e+01 1.32896995708e+00 1.36841917024e+01 1.32896995708e+00
1.08108011445e+01 1.33197424893e+00 1.36841917024e+01 1.33197424893e+00
1.08108011445e+01 1.33497854077e+00 1.36655937053e+01 1.33497854077e+00
1.08108011445e+01 1.33798283262e+00 1.36283977110e+01 1.33798283262e+00
1.08108011445e+01 1.34098712446e+00 1.36190987124e+01 1.34098712446e+00
1.08108011445e+01 1.34399141631e+00 1.36190987124e+01 1.34399141631e+00
1.08108011445e+01 1.34699570815e+00 1.36097997139e+01 1.34699570815e+00
1.08108011445e+01 1.35000000000e+00 1.36005007153e+01 1.35000000000e+00
1.08108011445e+01 1.35300429185e+00 1.36097997139e+01 1.35300429185e+00
1.08108011445e+01 1.35600858369e+00 1.36097997139e+01 1.35600858369e+00
1.08108011445e+01 1.35901287554e+00 1.36190987124e+01 1.35901287554e+00
1.08108011445e+01 1.36201716738e+00 1.36190987124e+01 1.36201716738e+00
1.08108011445e+01 1.36502145923e+00 1.36283977110e+01 1.36502145923e+00
1.08108011445e+01 1.36802575107e+00 1.36283977110e+01 1.36802575107e+00
1.08108011445e+01 1.37103004292e+00 1.36376967096e+01 1.37103004292e+00
1.08108011445e+01 1.37403433476e+00 1.36376967096e+01 1.37403433476e+00
1.08201001431e+01 1.37703862661e+00 1.36376967096e+01 1.37703862661e+00
1.08201001431e+01 1.38004291845e+00 1.36469957082e+01 1.38004291845e+00
1.08201001431e+01 1.38304721030e+00 1.36469957082e+01 1.38304721030e+00
1.08201001431e+01 1.38605150215e+00 1.36562947067e+01 1.38605150215e+00
1.08201001431e+01 1.38905579399e+00 1.36562947067e+01 1.38905579399e+00
1.08201001431e+01 1.39206008584e+00 1.36655937053e+01 1.39206008584e+00
1.08201001431e+01 1.39506437768e+00 1.36655937053e+01 1.39506437768e+00
1.08201001431e+01 1.39806866953e+00 1.36655937053e+01 1.39806866953e+00
1.08201001431e+01 1.40107296137e+00 1.36748927039e+01 1.40107296137e+00
1.08201001431e+01 1.40407725322e+00 1.36748927039e+01 1.40407725322e+00
1.08201001431e+01 1.40708154506e+00 1.36748927039e+01 1.40708154506e+00
1.08201001431e+01 1.41008583691e+00 1.36841917024e+01 1.41008583691e+00
1.08201001431e+01 1.41309012876e+00 1.36841917024e+01 1.41309012876e+00
1.08201001431e+01 1.41609442060e+00 1.36841917024e+01 1.41609442060e+00
1.08201001431e+01 1.41909871245e+00 1.36934907010e+01 1.41909871245e+00
1.08201001431e+01 1.42210300429e+00 1.36934907010e+01 1.42210300429e+00
1.08201001431e+01 1.42510729614e+00 1.36934907010e+01 1.42510729614e+00
1.08201001431e+01 1.42811158798e+00 1.36934907010e+01 1.42811158798e+00
1.08201001431e+01 1.43111587983e+00 1.36934907010e+01 1.43111587983e+00
1.08201001431e+01 1.43412017167e+00 1.36934907010e+01 1.43412017167e+00
1.08201001431e+01 1.43712446352e+00 1.36934907010e+01 1.43712446352e+00
1.08201001431e+01 1.44012875536e+00 1.36934907010e+01 1.44012875536e+00
1.08201001431e+01 1.44313304721e+00 1.36841917024e+01 1.44313304721e+00
1.08201001431e+01 1.44613733906e+00 1.36748927039e+01 1.44613733906e+00
1.08201001431e+01 1.44914163090e+00 1.36469957082e+01 1.44914163090e+00
1.08201001431e+01 1.45214592275e+00 1.36283977110e+01 1.45214592275e+00
1.08201001431e+01 1.45515021459e+00 1.36283977110e+01 1.45515021459e+00
1.08201001431e+01 1.45815450644e+00 1.36283977110e+01 1.45815450644e+00
1.08293991416e+01 1.46115879828e+00 1.36283977110e+01 1.46115879828e+00
1.08293991416e+01 1.46416309013e+00 1.36376967096e+01 1.46416309013e+00
1.08293991416e+01 1.46716738197e+00 1.36376967096e+01 1.46716738197e+00
1.08293991416e+01 1.47017167382e+00 1.36283977110e+01 1.47017167382e+00
1.08293991416e+01 1.47317596567e+00 1.36283977110e+01 1.47317596567e+00
1.08293991416e+01 1.47618025751e+00 1.36283977110e+01 1.47618025751e+00
1.08293991416e+01 1.47918454936e+00 1.36283977110e+01 1.47918454936e+00
1.08293991416e+01 1.48218884120e+00 1.36283977110e+01 1.48218884120e+00
1.08293991416e+01 1.48519313305e+00 1.36283977110e+01 1.48519313305e+00
1.08293991416e+01 1.48819742489e+00 1.36190987124e+01 1.48819742489e+00
1.08293991416e+01 1.49120171674e+00 1.36190987124e+01 1.49120171674e+00
1.08293991416e+01 1.49420600858e+00 1.36097997139e+01 1.49420600858e+00
1.08293991416e+01 1.49721030043e+00 1.36005007153e+01 1.49721030043e+00
1.08293991416e+01 1.50021459227e+00 1.35912017167e+01 1.50021459227e+00
1.08293991416e+01 1.50321888412e+00 1.35726037196e+01 1.50321888412e+00
1.08293991416e+01 1.50622317597e+00 1.35540057225e+01 1.50622317597e+00
1.08293991416e+01 1.50922746781e+00 1.35540057225e+01 1.50922746781e+00
1.08386981402e+01 1.51223175966e+00 1.35633047210e+01 1.51223175966e+00
1.08386981402e+01 1.51523605150e+00 1.35633047210e+01 1.51523605150e+00
1.08386981402e+01 1.51824034335e+00 1.35726037196e+01 1.51824034335e+00
1.08386981402e+01 1.52124463519e+00 1.35726037196e+01 1.52124463519e+00
1.08386981402e+01 1.52424892704e+00 1.35726037196e+01 1.52424892704e+00
1.08386981402e+01 1.52725321888e+00 1.35819027182e+01 1.52725321888e+00
1.08386981402e+01 1.53025751073e+00 1.35819027182e+01 1.53025751073e+00
1.08386981402e+01 1.53326180258e+00 1.35912017167e+01 1.53326180258e+00
1.08386981402e+01 1.53626609442e+00 1.35912017167e+01 1.53626609442e+00
1.08386981402e+01 1.53927038627e+00 1.36005007153e+01 1.53927038627e+00
1.08386981402e+01 1.54227467811e+00 1.36005007153e+01 1.54227467811e+00
1.08386981402e+01 1.54527896996e+00 1.36005007153e+01 1.54527896996e+00
1.08386981402e+01 1.54828326180e+00 1.36097997139e+01 1.54828326180e+00
1.08386981402e+01 1.55128755365e+00 1.36097997139e+01 1.55128755365e+00
1.08386981402e+01 1.55429184549e+00 1.36190987124e+01 1.55429184549e+00
1.08386981402e+01 1.55729613734e+00 1.36190987124e+01 1.55729613734e+00
1.08386981402e+01 1.56030042918e+00 1.36283977110e+01 1.56030042918e+00
1.08386981402e+01 1.56330472103e+00 1.36283977110e+01 1.56330472103e+00
1.08386981402e+01 1.56630901288e+00 1.36283977110e+01 1.56630901288e+00
1.08386981402e+01 1.56931330472e+00 1.36376967096e+01 1.56931330472e+00
1.08386981402e+01 1.57231759657e+00 1.36376967096e+01 1.57231759657e+00
1.08386981402e+01 1.57532188841e+00 1.36469957082e+01 1.57532188841e+00
1.08386981402e+01 1.57832618026e+00 1.36469957082e+01 1.57832618026e+00
1.08386981402e+01 1.58133047210e+00 1.36562947067e+01 1.58133047210e+00
1.08386981402e+01 1.58433476395e+00 1.36562947067e+01 1.58433476395e+00
1.08479971388e+01 1.58733905579e+00 1.36655937053e+01 1.58733905579e+00
1.08479971388e+01 1.59034334764e+00 1.36655937053e+01 1.59034334764e+00
1.08479971388e+01 1.59334763948e+00 1.36655937053e+01 1.59334763948e+00
1.08479971388e+01 1.59635193133e+00 1.36748927039e+01 1.59635193133e+00
1.08479971388e+01 1.59935622318e+00 1.36748927039e+01 1.59935622318e+00
1.08479971388e+01 1.60236051502e+00 1.36841917024e+01 1.60236051502e+00
1.08479971388e+01 1.60536480687e+00 1.36841917024e+01 1.60536480687e+00
1.08479971388e+01 1.60836909871e+00 1.36934907010e+01 1.60836909871e+00
1.08479971388e+01 1.61137339056e+00 1.36934907010e+01 1.61137339056e+00
1.08479971388e+01 1.61437768240e+00 1.36934907010e+01 1.61437768240e+00
1.08479971388e+01 1.61738197425e+00 1.37027896996e+01 1.61738197425e+00
1.08479971388e+01 1.62038626609e+00 1.37027896996e+01 1.62038626609e+00
1.08479971388e+01 1.62339055794e+00 1.37120886981e+01 1.62339055794e+00
1.08479971388e+01 1.62639484979e+00 1.37120886981e+01 1.62639484979e+00
1.08479971388e+01 1.62939914163e+00 1.37120886981e+01 1.62939914163e+00
1.08479971388e+01 1.63240343348e+00 1.37213876967e+01 1.63240343348e+00
1.08479971388e+01 1.63540772532e+00 1.37213876967e+01 1.63540772532e+00
1.08479971388e+01 1.63841201717e+00 1.37306866953e+01 1.63841201717e+00
1.08479971388e+01 1.64141630901e+00 1.37306866953e+01 1.64141630901e+00
1.08479971388e+01 1.64442060086e+00 1.37399856938e+01 1.64442060086e+00
1.08479971388e+01 1.64742489270e+00 1.37399856938e+01 1.64742489270e+00
1.08479971388e+01 1.65042918455e+00 1.37399856938e+01 1.65042918455e+00
1.08479971388e+01 1.65343347639e+00 1.37492846924e+01 1.65343347639e+00
1.08479971388e+01 1.65643776824e+00 1.37492846924e+01 1.65643776824e+00
1.08479971388e+01 1.65944206009e+00 1.37585836910e+01 1.65944206009e+00
1.08479971388e+01 1.66244635193e+00 1.37585836910e+01 1.66244635193e+00
1.08479971388e+01 1.66545064378e+00 1.37585836910e+01 1.66545064378e+00
1.08479971388e+01 1.66845493562e+00 1.37678826896e+01 1.66845493562e+00
1.08479971388e+01 1.67145922747e+00 1.37678826896e+01 1.67145922747e+00
1.08479971388e+01 1.67446351931e+00 1.37771816881e+01 1.67446351931e+00
1.08479971388e+01 1.67746781116e+00 1.37771816881e+01 1.67746781116e+00
1.08479971388e+01 1.68047210300e+00 1.37771816881e+01 1.68047210300e+00
1.08479971388e+01 1.68347639485e+00 1.37864806867e+01 1.68347639485e+00
1.08479971388e+01 1.68648068670e+00 1.37864806867e+01 1.68648068670e+00
1.08479971388e+01 1.68948497854e+00 1.37957796853e+01 1.68948497854e+00
1.08479971388e+01 1.69248927039e+00 1.37957796853e+01 1.69248927039e+00
1.08479971388e+01 1.69549356223e+00 1.37957796853e+01 1.69549356223e+00
1.08479971388e+01 1.69849785408e+00 1.38050786838e+01 1.69849785408e+00
1.08479971388e+01 1.70150214592e+00 1.38050786838e+01 1.70150214592e+00
1.08479971388e+01 1.70450643777e+00 1.38143776824e+01 1.70450643777e+00
1.08479971388e+01 1.70751072961e+00 1.38143776824e+01 1.70751072961e+00
1.08479971388e+01 1.71051502146e+00 1.38236766810e+01 1.71051502146e+00
1.08479971388e+01 1.71351931330e+00 1.38236766810e+01 1.71351931330e+00
1.08479971388e+01 1.71652360515e+00 1.38236766810e+01 1.71652360515e+00
1.08479971388e+01 1.71952789700e+00 1.38329756795e+01 1.71952789700e+00
1.08479971388e+01 1.72253218884e+00 1.38329756795e+01 1.72253218884e+00
1.08479971388e+01 1.72553648069e+00 1.38422746781e+01 1.72553648069e+00
1.08479971388e+01 1.72854077253e+00 1.38422746781e+01 1.72854077253e+00
1.08479971388e+01 1.73154506438e+00 1.38422746781e+01 1.73154506438e+00
1.08479971388e+01 1.73454935622e+00 1.38515736767e+01 1.73454935622e+00
1.08479971388e+01 1.73755364807e+00 1.38515736767e+01 1.73755364807e+00
1.08479971388e+01 1.74055793991e+00 1.38608726753e+01 1.74055793991e+00
1.08479971388e+01 1.74356223176e+00 1.38608726753e+01 1.74356223176e+00
1.08479971388e+01 1.74656652361e+00 1.38608726753e+01 1.74656652361e+00
1.08479971388e+01 1.74957081545e+00 1.38701716738e+01 1.74957081545e+00
1.08479971388e+01 1.75257510730e+00 1.38701716738e+01 1.75257510730e+00
1.08479971388e+01 1.75557939914e+00 1.38794706724e+01 1.75557939914e+00
1.08479971388e+01 1.75858369099e+00 1.38794706724e+01 1.75858369099e+00
1.08386981402e+01 1.76158798283e+00 1.38794706724e+01 1.76158798283e+00
1.08386981402e+01 1.76459227468e+00 1.38887696710e+01 1.76459227468e+00
1.08386981402e+01 1.76759656652e+00 1.38887696710e+01 1.76759656652e+00
1.08386981402e+01 1.77060085837e+00 1.38980686695e+01 1.77060085837e+00
1.08386981402e+01 1.77360515021e+00 1.38980686695e+01 1.77360515021e+00
1.08386981402e+01 1.77660944206e+00 1.38980686695e+01 1.77660944206e+00
1.08386981402e+01 1.77961373391e+00 1.39073676681e+01 1.77961373391e+00
1.08386981402e+01 1.78261802575e+00 1.39073676681e+01 1.78261802575e+00
1.08386981402e+01 1.78562231760e+00 1.39073676681e+01 1.78562231760e+00
1.08386981402e+01 1.78862660944e+00 1.39166666667e+01 1.78862660944e+00
1.08386981402e+01 1.79163090129e+00 1.39166666667e+01 1.79163090129e+00
1.08386981402e+01 1.79463519313e+00 1.39166666667e+01 1.79463519313e+00
1.08386981402e+01 1.79763948498e+00 1.39259656652e+01 1.79763948498e+00
1.08386981402e+01 1.80064377682e+00 1.39259656652e+01 1.80064377682e+00
1.08386981402e+01 1.80364806867e+00 1.39352646638e+01 1.80364806867e+00
1.08386981402e+01 1.80665236052e+00 1.39352646638e+01 1.80665236052e+00
1.08386981402e+01 1.80965665236e+00 1.39352646638e+01 1.80965665236e+00
1.08386981402e+01 1.81266094421e+00 1.39445636624e+01 1.81266094421e+00
1.08386981402e+01 1.81566523605e+00 1.39445636624e+01 1.81566523605e+00
1.08386981402e+01 1.81866952790e+00 1.39445636624e+01 1.81866952790e+00
1.08386981402e+01 1.82167381974e+00 1.39538626609e+01 1.82167381974e+00
1.08293991416e+01 1.82467811159e+00 1.39538626609e+01 1.82467811159e+00
1.08293991416e+01 1.82768240343e+00 1.39631616595e+01 1.82768240343e+00
1.08293991416e+01 1.83068669528e+00 1.39631616595e+01 1.83068669528e+00
1.08293991416e+01 1.83369098712e+00 1.39631616595e+01 1.83369098712e+00
1.08293991416e+01 1.83669527897e+00 1.39724606581e+01 1.83669527897e+00
1.08293991416e+01 1.83969957082e+00 1.39724606581e+01 1.83969957082e+00
1.08293991416e+01 1.84270386266e+00 1.39817596567e+01 1.84270386266e+00
1.08293991416e+01 1.84570815451e+00 1.39817596567e+01 1.84570815451e+00
1.08293991416e+01 1.84871244635e+00 1.39817596567e+01 1.84871244635e+00
1.08293991416e+01 1.85171673820e+00 1.39910586552e+01 1.85171673820e+00
1.08201001431e+01 1.85472103004e+00 1.39910586552e+01 1.85472103004e+00
1.08201001431e+01 1.85772532189e+00 1.39910586552e+01 1.85772532189e+00
1.08201001431e+01 1.86072961373e+00 1.40003576538e+01 1.86072961373e+00
1.08201001431e+01 1.86373390558e+00 1.40003576538e+01 1.86373390558e+00
1.08201001431e+01 1.86673819742e+00 1.40096566524e+01 1.86673819742e+00
1.08201001431e+01 1.86974248927e+00 1.40096566524e+01 1.86974248927e+00
1.08201001431e+01 1.87274678112e+00 1.40096566524e+01 1.87274678112e+00
1.08201001431e+01 1.87575107296e+00 1.40189556509e+01 1.87575107296e+00
1.08201001431e+01 1.87875536481e+00 1.40189556509e+01 1.87875536481e+00
1.08201001431e+01 1.88175965665e+00 1.40189556509e+01 1.88175965665e+00
1.08201001431e+01 1.88476394850e+00 1.40282546495e+01 1.88476394850e+00
1.08108011445e+01 1.88776824034e+00 1.40282546495e+01 1.88776824034e+00
1.08108011445e+01 1.89077253219e+00 1.40375536481e+01 1.89077253219e+00
1.08108011445e+01 1.89377682403e+00 1.40375536481e+01 1.89377682403e+00
1.08108011445e+01 1.89678111588e+00 1.40375536481e+01 1.89678111588e+00
1.08108011445e+01 1.89978540773e+00 1.40468526466e+01 1.89978540773e+00
1.08108011445e+01 1.90278969957e+00 1.40468526466e+01 1.90278969957e+00
1.08108011445e+01 1.90579399142e+00 1.40468526466e+01 1.90579399142e+00
1.08108011445e+01 1.90879828326e+00 1.40561516452e+01 1.90879828326e+00
1.08015021459e+01 1.91180257511e+00 1.40561516452e+01 1.91180257511e+00
1.08015021459e+01 1.91480686695e+00 1.40654506438e+01 1.91480686695e+00
1.08015021459e+01 1.91781115880e+00 1.40654506438e+01 1.91781115880e+00
1.08015021459e+01 1.92081545064e+00 1.40654506438e+01 1.92081545064e+00
1.08015021459e+01 1.92381974249e+00 1.40747496423e+01 1.92381974249e+00
1.08015021459e+01 1.92682403433e+00 1.40747496423e+01 1.92682403433e+00
1.08015021459e+01 1.92982832618e+00 1.40747496423e+01 1.92982832618e+00
1.07922031474e+01 1.93283261803e+00 1.40840486409e+01 1.93283261803e+00
1.07922031474e+01 1.93583690987e+00 1.40840486409e+01 1.93583690987e+00
1.07922031474e+01 1.93884120172e+00 1.40840486409e+01 1.93884120172e+00
1.07922031474e+01 1.94184549356e+00 1.40933476395e+01 1.94184549356e+00
1.07922031474e+01 1.94484978541e+00 1.40933476395e+01 1.94484978541e+00
1.07922031474e+01 1.94785407725e+00 1.40933476395e+01 1.94785407725e+00
1.07829041488e+01 1.95085836910e+00 1.41026466381e+01 1.95085836910e+00
1.07829041488e+01 1.95386266094e+00 1.41026466381e+01 1.95386266094e+00
1.07829041488e+01 1.95686695279e+00 1.41026466381e+01 1.95686695279e+00
1.07829041488e+01 1.95987124464e+00 1.41119456366e+01 1.95987124464e+00
1.07829041488e+01 1.96287553648e+00 1.41119456366e+01 1.96287553648e+00
1.07829041488e+01 1.96587982833e+00 1.41119456366e+01 1.96587982833e+00
1.07736051502e+01 1.96888412017e+00 1.41212446352e+01 1.96888412017e+00
1.07736051502e+01 1.97188841202e+00 1.41212446352e+01 1.97188841202e+00
1.07736051502e+01 1.97489270386e+00 1.41305436338e+01 1.97489270386e+00
1.07736051502e+01 1.97789699571e+00 1.41305436338e+01 1.97789699571e+00
1.07643061516e+01 1.98090128755e+00 1.41305436338e+01 1.98090128755e+00
1.07643061516e+01 1.98390557940e+00 1.41398426323e+01 1.98390557940e+00
1.07643061516e+01 1.98690987124e+00 1.41398426323e+01 1.98690987124e+00
1.07643061516e+01 1.98991416309e+00 1.41398426323e+01 1.98991416309e+00
1.07550071531e+01 1.99291845494e+00 1.41491416309e+01 1.99291845494e+00
1.07550071531e+01 1.99592274678e+00 1.41491416309e+01 1.99592274678e+00
1.06713161660e+01 1.99892703863e+00 1.41491416309e+01 1.99892703863e+00
1.05597281831e+01 2.00193133047e+00 1.41584406295e+01 2.00193133047e+00
1.04295422031e+01 2.00493562232e+00 1.41584406295e+01 2.00493562232e+00
1.04295422031e+01 2.00793991416e+00 1.41677396280e+01 2.00793991416e+00
1.04202432046e+01 2.01094420601e+00 1.41677396280e+01 2.01094420601e+00
1.03551502146e+01 2.01394849785e+00 1.41677396280e+01 2.01394849785e+00
1.03923462089e+01 2.01695278970e+00 1.41770386266e+01 2.01695278970e+00
1.02807582260e+01 2.01995708155e+00 1.41770386266e+01 2.01995708155e+00
1.02156652361e+01 2.02296137339e+00 1.41770386266e+01 2.02296137339e+00
1.02435622318e+01 2.02596566524e+00 1.41863376252e+01 2.02596566524e+00
1.02528612303e+01 2.02896995708e+00 1.41863376252e+01 2.02896995708e+00
1.02156652361e+01 2.03197424893e+00 1.41863376252e+01 2.03197424893e+00
1.02249642346e+01 2.03497854077e+00 1.41956366237e+01 2.03497854077e+00
1.02249642346e+01 2.03798283262e+00 1.41956366237e+01 2.03798283262e+00
1.02156652361e+01 2.04098712446e+00 1.41956366237e+01 2.04098712446e+00
1.01412732475e+01 2.04399141631e+00 1.42049356223e+01 2.04399141631e+00
1.01133762518e+01 2.04699570815e+00 1.42049356223e+01 2.04699570815e+00
1.01505722461e+01 2.05000000000e+00 1.42049356223e+01 2.05000000000e+00
1.01226752504e+01 2.05300429185e+00 1.42049356223e+01 2.05300429185e+00
1.01319742489e+01 2.05600858369e+00 1.42142346209e+01 2.05600858369e+00
1.01412732475e+01 2.05901287554e+00 1.42142346209e+01 2.05901287554e+00
1.01970672389e+01 2.06201716738e+00 1.42142346209e+01 2.06201716738e+00
1.01133762518e+01 2.06502145923e+00 1.42235336195e+01 2.06502145923e+00
1.01040772532e+01 2.06802575107e+00 1.42235336195e+01 2.06802575107e+00
1.01691702432e+01 2.07103004292e+00 1.42235336195e+01 2.07103004292e+00
1.01133762518e+01 2.07403433476e+00 1.42328326180e+01 2.07403433476e+00
1.00947782546e+01 2.07703862661e+00 1.42328326180e+01 2.07703862661e+00
1.00668812589e+01 2.08004291845e+00 1.42328326180e+01 2.08004291845e+00
1.01226752504e+01 2.08304721030e+00 1.42421316166e+01 2.08304721030e+00
1.01133762518e+01 2.08605150215e+00 1.42421316166e+01 2.08605150215e+00
1.00110872675e+01 2.08905579399e+00 1.42421316166e+01 2.08905579399e+00
1.01319742489e+01 2.09206008584e+00 1.42514306152e+01 2.09206008584e+00
1.01319742489e+01 2.09506437768e+00 1.42514306152e+01 2.09506437768e+00
1.01319742489e+01 2.09806866953e+00 1.42514306152e+01 2.09806866953e+00
1.01412732475e+01 2.10107296137e+00 1.42607296137e+01 2.10107296137e+00
1.01226752504e+01 2.10407725322e+00 1.42607296137e+01 2.10407725322e+00
1.01133762518e+01 2.10708154506e+00 1.42607296137e+01 2.10708154506e+00
1.00947782546e+01 2.11008583691e+00 1.42700286123e+01 2.11008583691e+00
1.01319742489e+01 2.11309012876e+00 1.42700286123e+01 2.11309012876e+00
1.01133762518e+01 2.11609442060e+00 1.42700286123e+01 2.11609442060e+00
1.01877682403e+01 2.11909871245e+00 1.42700286123e+01 2.11909871245e+00
1.01040772532e+01 2.12210300429e+00 1.42793276109e+01 2.12210300429e+00
1.00482832618e+01 2.12510729614e+00 1.42793276109e+01 2.12510729614e+00
1.00575822604e+01 2.12811158798e+00 1.42793276109e+01 2.12811158798e+00
1.01505722461e+01 2.13111587983e+00 1.42886266094e+01 2.13111587983e+00
1.01412732475e+01 2.13412017167e+00 1.42886266094e+01 2.13412017167e+00
1.00389842632e+01 2.13712446352e+00 1.42886266094e+01 2.13712446352e+00
1.01598712446e+01 2.14012875536e+00 1.42886266094e+01 2.14012875536e+00
1.01970672389e+01 2.14313304721e+00 1.42979256080e+01 2.14313304721e+00
1.01226752504e+01 2.14613733906e+00 1.42979256080e+01 2.14613733906e+00
1.01133762518e+01 2.14914163090e+00 1.42979256080e+01 2.14914163090e+00
1.01133762518e+01 2.15214592275e+00 1.43072246066e+01 2.15214592275e+00
1.01970672389e+01 2.15515021459e+00 1.43072246066e+01 2.15515021459e+00
1.01133762518e+01 2.15815450644e+00 1.43072246066e+01 2.15815450644e+00
1.00575822604e+01 2.16115879828e+00 1.43072246066e+01 2.16115879828e+00
1.01412732475e+01 2.16416309013e+00 1.43165236052e+01 2.16416309013e+00
1.01877682403e+01 2.16716738197e+00 1.43165236052e+01 2.16716738197e+00
1.01319742489e+01 2.17017167382e+00 1.43165236052e+01 2.17017167382e+00
1.02063662375e+01 2.17317596567e+00 1.43258226037e+01 2.17317596567e+00
1.01505722461e+01 2.17618025751e+00 1.43258226037e+01 2.17618025751e+00
1.02156652361e+01 2.17918454936e+00 1.43258226037e+01 2.17918454936e+00
1.02156652361e+01 2.18218884120e+00 1.43258226037e+01 2.18218884120e+00
1.02342632332e+01 2.18519313305e+00 1.43351216023e+01 2.18519313305e+00
1.01598712446e+01 2.18819742489e+00 1.43351216023e+01 2.18819742489e+00
1.01877682403e+01 2.19120171674e+00 1.43351216023e+01 2.19120171674e+00
1.02621602289e+01 2.19420600858e+00 1.43351216023e+01 2.19420600858e+00
1.02528612303e+01 2.19721030043e+00 1.43444206009e+01 2.19721030043e+00
1.02528612303e+01 2.20021459227e+00 1.43444206009e+01 2.20021459227e+00
1.02249642346e+01 2.20321888412e+00 1.43444206009e+01 2.20321888412e+00
1.02528612303e+01 2.20622317597e+00 1.43444206009e+01 2.20622317597e+00
1.02249642346e+01 2.20922746781e+00 1.43537195994e+01 2.20922746781e+00
1.02342632332e+01 2.21223175966e+00 1.43537195994e+01 2.21223175966e+00
1.02249642346e+01 2.21523605150e+00 1.43537195994e+01 2.21523605150e+00
1.02249642346e+01 2.21824034335e+00 1.43537195994e+01 2.21824034335e+00
1.02714592275e+01 2.22124463519e+00 1.43630185980e+01 2.22124463519e+00
1.02435622318e+01 2.22424892704e+00 1.43630185980e+01 2.22424892704e+00
1.03086552217e+01 2.22725321888e+00 1.43630185980e+01 2.22725321888e+00
1.02156652361e+01 2.23025751073e+00 1.43630185980e+01 2.23025751073e+00
1.03830472103e+01 2.23326180258e+00 1.43723175966e+01 2.23326180258e+00
1.03179542203e+01 2.23626609442e+00 1.43723175966e+01 2.23626609442e+00
1.02993562232e+01 2.23927038627e+00 1.43723175966e+01 2.23927038627e+00
1.03830472103e+01 2.24227467811e+00 1.43723175966e+01 2.24227467811e+00
1.04853361946e+01 2.24527896996e+00 1.43816165951e+01 2.24527896996e+00
1.04946351931e+01 2.24828326180e+00 1.43816165951e+01 2.24828326180e+00
1.04667381974e+01 2.25128755365e+00 1.43816165951e+01 2.25128755365e+00
1.04295422031e+01 2.25429184549e+00 1.43816165951e+01 2.25429184549e+00
1.05039341917e+01 2.25729613734e+00 1.43909155937e+01 2.25729613734e+00
1.04667381974e+01 2.26030042918e+00 1.43909155937e+01 2.26030042918e+00
1.04946351931e+01 2.26330472103e+00 1.43909155937e+01 2.26330472103e+00
1.04853361946e+01 2.26630901288e+00 1.43909155937e+01 2.26630901288e+00
1.04760371960e+01 2.26931330472e+00 1.44002145923e+01 2.26931330472e+00
1.04667381974e+01 2.27231759657e+00 1.44002145923e+01 2.27231759657e+00
1.05411301860e+01 2.27532188841e+00 1.44002145923e+01 2.27532188841e+00
1.05039341917e+01 2.27832618026e+00 1.44002145923e+01 2.27832618026e+00
1.05969241774e+01 2.28133047210e+00 1.44002145923e+01 2.28133047210e+00
1.06248211731e+01 2.28433476395e+00 1.44095135908e+01 2.28433476395e+00
1.05969241774e+01 2.28733905579e+00 1.44095135908e+01 2.28733905579e+00
1.05783261803e+01 2.29034334764e+00 1.44095135908e+01 2.29034334764e+00
1.05039341917e+01 2.29334763948e+00 1.44095135908e+01 2.29334763948e+00
1.04946351931e+01 2.29635193133e+00 1.44095135908e+01 2.29635193133e+00
1.05783261803e+01 2.29935622318e+00 1.44188125894e+01 2.29935622318e+00
1.06248211731e+01 2.30236051502e+00 1.44188125894e+01 2.30236051502e+00
1.06992131617e+01 2.30536480687e+00 1.44188125894e+01 2.30536480687e+00
1.06806151645e+01 2.30836909871e+00 1.44188125894e+01 2.30836909871e+00
1.06434191702e+01 2.31137339056e+00 1.44188125894e+01 2.31137339056e+00
1.05876251788e+01 2.31437768240e+00 1.44281115880e+01 2.31437768240e+00
1.05225321888e+01 2.31738197425e+00 1.44281115880e+01 2.31738197425e+00
1.08015021459e+01 2.32038626609e+00 1.44281115880e+01 2.32038626609e+00
1.07736051502e+01 2.32339055794e+00 1.44281115880e+01 2.32339055794e+00
1.07364091559e+01 2.32639484979e+00 1.44281115880e+01 2.32639484979e+00
1.06434191702e+01 2.32939914163e+00 1.44281115880e+01 2.32939914163e+00
1.07457081545e+01 2.33240343348e+00 1.44281115880e+01 2.33240343348e+00
1.06899141631e+01 2.33540772532e+00 1.44374105866e+01 2.33540772532e+00
1.06899141631e+01 2.33841201717e+00 1.44374105866e+01 2.33841201717e+00
1.08572961373e+01 2.34141630901e+00 1.44374105866e+01 2.34141630901e+00
1.08108011445e+01 2.34442060086e+00 1.44374105866e+01 2.34442060086e+00
1.07829041488e+01 2.34742489270e+00 1.44374105866e+01 2.34742489270e+00
1.08201001431e+01 2.35042918455e+00 1.44374105866e+01 2.35042918455e+00
1.08201001431e+01 2.35343347639e+00 1.44467095851e+01 2.35343347639e+00
1.07550071531e+01 2.35643776824e+00 1.44467095851e+01 2.35643776824e+00
1.08572961373e+01 2.35944206009e+00 1.44467095851e+01 2.35944206009e+00
1.08015021459e+01 2.36244635193e+00 1.44467095851e+01 2.36244635193e+00
1.09223891273e+01 2.36545064378e+00 1.44467095851e+01 2.36545064378e+00
1.09037911302e+01 2.36845493562e+00 1.44467095851e+01 2.36845493562e+00
1.09967811159e+01 2.37145922747e+00 1.44560085837e+01 2.37145922747e+00
1.09688841202e+01 2.37446351931e+00 1.44560085837e+01 2.37446351931e+00
1.09037911302e+01 2.37746781116e+00 1.44560085837e+01 2.37746781116e+00
1.09037911302e+01 2.38047210300e+00 1.44560085837e+01 2.38047210300e+00
1.09409871245e+01 2.38347639485e+00 1.44560085837e+01 2.38347639485e+00
1.10432761087e+01 2.38648068670e+00 1.44653075823e+01 2.38648068670e+00
1.10060801144e+01 2.38948497854e+00 1.44653075823e+01 2.38948497854e+00
1.09688841202e+01 2.39248927039e+00 1.44653075823e+01 2.39248927039e+00
1.09037911302e+01 2.39549356223e+00 1.44653075823e+01 2.39549356223e+00
1.08851931330e+01 2.39849785408e+00 1.44653075823e+01 2.39849785408e+00
1.11455650930e+01 2.40150214592e+00 1.44746065808e+01 2.40150214592e+00
1.11176680973e+01 2.40450643777e+00 1.44746065808e+01 2.40450643777e+00
1.10804721030e+01 2.40751072961e+00 1.44746065808e+01 2.40751072961e+00
1.10618741059e+01 2.41051502146e+00 1.44746065808e+01 2.41051502146e+00
1.09967811159e+01 2.41351931330e+00 1.44746065808e+01 2.41351931330e+00
1.11641630901e+01 2.41652360515e+00 1.44746065808e+01 2.41652360515e+00
1.10804721030e+01 2.41952789700e+00 1.44839055794e+01 2.41952789700e+00
1.11083690987e+01 2.42253218884e+00 1.44839055794e+01 2.42253218884e+00
1.11548640916e+01 2.42553648069e+00 1.44839055794e+01 2.42553648069e+00
1.11176680973e+01 2.42854077253e+00 1.44839055794e+01 2.42854077253e+00
1.11176680973e+01 2.43154506438e+00 1.44839055794e+01 2.43154506438e+00
1.12757510730e+01 2.43454935622e+00 1.44932045780e+01 2.43454935622e+00
1.12664520744e+01 2.43755364807e+00 1.44932045780e+01 2.43755364807e+00
1.12478540773e+01 2.44055793991e+00 1.44932045780e+01 2.44055793991e+00
1.12292560801e+01 2.44356223176e+00 1.44932045780e+01 2.44356223176e+00
1.12013590844e+01 2.44656652361e+00 1.44932045780e+01 2.44656652361e+00
1.11641630901e+01 2.44957081545e+00 1.44932045780e+01 2.44957081545e+00
1.10990701001e+01 2.45257510730e+00 1.44932045780e+01 2.45257510730e+00
1.10804721030e+01 2.45557939914e+00 1.45025035765e+01 2.45557939914e+00
1.12571530758e+01 2.45858369099e+00 1.45025035765e+01 2.45858369099e+00
1.12292560801e+01 2.46158798283e+00 1.45025035765e+01 2.46158798283e+00
1.12013590844e+01 2.46459227468e+00 1.45025035765e+01 2.46459227468e+00
1.11548640916e+01 2.46759656652e+00 1.45025035765e+01 2.46759656652e+00
1.11176680973e+01 2.47060085837e+00 1.45025035765e+01 2.47060085837e+00
1.12664520744e+01 2.47360515021e+00 1.45118025751e+01 2.47360515021e+00
1.12850500715e+01 2.47660944206e+00 1.45118025751e+01 2.47660944206e+00
1.12850500715e+01 2.47961373391e+00 1.45118025751e+01 2.47961373391e+00
1.14524320458e+01 2.48261802575e+00 1.45118025751e+01 2.48261802575e+00
1.13687410587e+01 2.48562231760e+00 1.45118025751e+01 2.48562231760e+00
1.14617310443e+01 2.48862660944e+00 1.45118025751e+01 2.48862660944e+00
1.14245350501e+01 2.49163090129e+00 1.45118025751e+01 2.49163090129e+00
1.13966380544e+01 2.49463519313e+00 1.45118025751e+01 2.49463519313e+00
1.14431330472e+01 2.49763948498e+00 1.45118025751e+01 2.49763948498e+00
1.14059370529e+01 2.50064377682e+00 1.45118025751e+01 2.50064377682e+00
1.15175250358e+01 2.50364806867e+00 1.45211015737e+01 2.50364806867e+00
1.15268240343e+01 2.50665236052e+00 1.45211015737e+01 2.50665236052e+00
1.15826180258e+01 2.50965665236e+00 1.45211015737e+01 2.50965665236e+00
1.15454220315e+01 2.51266094421e+00 1.45211015737e+01 2.51266094421e+00
1.15361230329e+01 2.51566523605e+00 1.45211015737e+01 2.51566523605e+00
1.15082260372e+01 2.51866952790e+00 1.45211015737e+01 2.51866952790e+00
1.14524320458e+01 2.52167381974e+00 1.45211015737e+01 2.52167381974e+00
1.14245350501e+01 2.52467811159e+00 1.45211015737e+01 2.52467811159e+00
1.15175250358e+01 2.52768240343e+00 1.45211015737e+01 2.52768240343e+00
1.16012160229e+01 2.53068669528e+00 1.45211015737e+01 2.53068669528e+00
1.15640200286e+01 2.53369098712e+00 1.45211015737e+01 2.53369098712e+00
1.15082260372e+01 2.53669527897e+00 1.45304005722e+01 2.53669527897e+00
1.14152360515e+01 2.53969957082e+00 1.45304005722e+01 2.53969957082e+00
1.16012160229e+01 2.54270386266e+00 1.45304005722e+01 2.54270386266e+00
1.15919170243e+01 2.54570815451e+00 1.45304005722e+01 2.54570815451e+00
1.15826180258e+01 2.54871244635e+00 1.45304005722e+01 2.54871244635e+00
1.15919170243e+01 2.55171673820e+00 1.45304005722e+01 2.55171673820e+00
1.15733190272e+01 2.55472103004e+00 1.45304005722e+01 2.55472103004e+00
1.15175250358e+01 2.55772532189e+00 1.45304005722e+01 2.55772532189e+00
1.14896280401e+01 2.56072961373e+00 1.45304005722e+01 2.56072961373e+00
1.16570100143e+01 2.56373390558e+00 1.45304005722e+01 2.56373390558e+00
1.16570100143e+01 2.56673819742e+00 1.45304005722e+01 2.56673819742e+00
1.16849070100e+01 2.56974248927e+00 1.45304005722e+01 2.56974248927e+00
1.17685979971e+01 2.57274678112e+00 1.45304005722e+01 2.57274678112e+00
1.19080829757e+01 2.57575107296e+00 1.45304005722e+01 2.57575107296e+00
1.18894849785e+01 2.57875536481e+00 1.45304005722e+01 2.57875536481e+00
1.18894849785e+01 2.58175965665e+00 1.45304005722e+01 2.58175965665e+00
1.19359799714e+01 2.58476394850e+00 1.45304005722e+01 2.58476394850e+00
1.19080829757e+01 2.58776824034e+00 1.45304005722e+01 2.58776824034e+00
1.18894849785e+01 2.59077253219e+00 1.45304005722e+01 2.59077253219e+00
1.18801859800e+01 2.59377682403e+00 1.45304005722e+01 2.59377682403e+00
1.18987839771e+01 2.59678111588e+00 1.45396995708e+01 2.59678111588e+00
1.19080829757e+01 2.59978540773e+00 1.45396995708e+01 2.59978540773e+00
1.18801859800e+01 2.60278969957e+00 1.45396995708e+01 2.60278969957e+00
1.17964949928e+01 2.60579399142e+00 1.45396995708e+01 2.60579399142e+00
1.17964949928e+01 2.60879828326e+00 1.45396995708e+01 2.60879828326e+00
1.19173819742e+01 2.61180257511e+00 1.45396995708e+01 2.61180257511e+00
1.18987839771e+01 2.61480686695e+00 1.45489985694e+01 2.61480686695e+00
1.18708869814e+01 2.61781115880e+00 1.45489985694e+01 2.61781115880e+00
1.17964949928e+01 2.62081545064e+00 1.45489985694e+01 2.62081545064e+00
1.20196709585e+01 2.62381974249e+00 1.45489985694e+01 2.62381974249e+00
1.20847639485e+01 2.62682403433e+00 1.45489985694e+01 2.62682403433e+00
1.20847639485e+01 2.62982832618e+00 1.45489985694e+01 2.62982832618e+00
1.21219599428e+01 2.63283261803e+00 1.45582975680e+01 2.63283261803e+00
1.21033619456e+01 2.63583690987e+00 1.45582975680e+01 2.63583690987e+00
1.20940629471e+01 2.63884120172e+00 1.45582975680e+01 2.63884120172e+00
1.20754649499e+01 2.64184549356e+00 1.45582975680e+01 2.64184549356e+00
1.20382689557e+01 2.64484978541e+00 1.45582975680e+01 2.64484978541e+00
1.20103719599e+01 2.64785407725e+00 1.45582975680e+01 2.64785407725e+00
1.20661659514e+01 2.65085836910e+00 1.45675965665e+01 2.65085836910e+00
1.20289699571e+01 2.65386266094e+00 1.45675965665e+01 2.65386266094e+00
1.19917739628e+01 2.65686695279e+00 1.45675965665e+01 2.65686695279e+00
1.19359799714e+01 2.65987124464e+00 1.45675965665e+01 2.65987124464e+00
1.21312589413e+01 2.66287553648e+00 1.45675965665e+01 2.66287553648e+00
1.21126609442e+01 2.66587982833e+00 1.45675965665e+01 2.66587982833e+00
1.20661659514e+01 2.66888412017e+00 1.45675965665e+01 2.66888412017e+00
1.20382689557e+01 2.67188841202e+00 1.45768955651e+01 2.67188841202e+00
1.21684549356e+01 2.67489270386e+00 1.45768955651e+01 2.67489270386e+00
1.21498569385e+01 2.67789699571e+00 1.45768955651e+01 2.67789699571e+00
1.21405579399e+01 2.68090128755e+00 1.45768955651e+01 2.68090128755e+00
1.22242489270e+01 2.68390557940e+00 1.45768955651e+01 2.68390557940e+00
1.22614449213e+01 2.68690987124e+00 1.45768955651e+01 2.68690987124e+00
1.22428469242e+01 2.68991416309e+00 1.45768955651e+01 2.68991416309e+00
1.22149499285e+01 2.69291845494e+00 1.45768955651e+01 2.69291845494e+00
1.21870529328e+01 2.69592274678e+00 1.45768955651e+01 2.69592274678e+00
1.21219599428e+01 2.69892703863e+00 1.45861945637e+01 2.69892703863e+00
1.21033619456e+01 2.70193133047e+00 1.45861945637e+01 2.70193133047e+00
1.22149499285e+01 2.70493562232e+00 1.45861945637e+01 2.70493562232e+00
1.21405579399e+01 2.70793991416e+00 1.45861945637e+01 2.70793991416e+00
1.23172389127e+01 2.71094420601e+00 1.45861945637e+01 2.71094420601e+00
1.22986409156e+01 2.71394849785e+00 1.45861945637e+01 2.71394849785e+00
1.22800429185e+01 2.71695278970e+00 1.45861945637e+01 2.71695278970e+00
1.22707439199e+01 2.71995708155e+00 1.45861945637e+01 2.71995708155e+00
1.24474248927e+01 2.72296137339e+00 1.45954935622e+01 2.72296137339e+00
1.24102288984e+01 2.72596566524e+00 1.45954935622e+01 2.72596566524e+00
1.24102288984e+01 2.72896995708e+00 1.45954935622e+01 2.72896995708e+00
1.24102288984e+01 2.73197424893e+00 1.45954935622e+01 2.73197424893e+00
1.23637339056e+01 2.73497854077e+00 1.45954935622e+01 2.73497854077e+00
1.23265379113e+01 2.73798283262e+00 1.45954935622e+01 2.73798283262e+00
1.23916309013e+01 2.74098712446e+00 1.45954935622e+01 2.74098712446e+00
1.24474248927e+01 2.74399141631e+00 1.45954935622e+01 2.74399141631e+00
1.25497138770e+01 2.74699570815e+00 1.45954935622e+01 2.74699570815e+00
1.25218168813e+01 2.75000000000e+00 1.45954935622e+01 2.75000000000e+00
1.24939198856e+01 2.75300429185e+00 1.45954935622e+01 2.75300429185e+00
1.24474248927e+01 2.75600858369e+00 1.46047925608e+01 2.75600858369e+00
1.24102288984e+01 2.75901287554e+00 1.46047925608e+01 2.75901287554e+00
1.24753218884e+01 2.76201716738e+00 1.46047925608e+01 2.76201716738e+00
1.25683118741e+01 2.76502145923e+00 1.46047925608e+01 2.76502145923e+00
1.25125178827e+01 2.76802575107e+00 1.46047925608e+01 2.76802575107e+00
1.25311158798e+01 2.77103004292e+00 1.46047925608e+01 2.77103004292e+00
1.26798998569e+01 2.77403433476e+00 1.46047925608e+01 2.77403433476e+00
1.26984978541e+01 2.77703862661e+00 1.46047925608e+01 2.77703862661e+00
1.26706008584e+01 2.78004291845e+00 1.46047925608e+01 2.78004291845e+00
1.26241058655e+01 2.78304721030e+00 1.46047925608e+01 2.78304721030e+00
1.25962088698e+01 2.78605150215e+00 1.46047925608e+01 2.78605150215e+00
1.27728898426e+01 2.78905579399e+00 1.46047925608e+01 2.78905579399e+00
1.27263948498e+01 2.79206008584e+00 1.46047925608e+01 2.79206008584e+00
1.26984978541e+01 2.79506437768e+00 1.46047925608e+01 2.79506437768e+00
1.27356938484e+01 2.79806866953e+00 1.46047925608e+01 2.79806866953e+00
1.27170958512e+01 2.80107296137e+00 1.46047925608e+01 2.80107296137e+00
1.26984978541e+01 2.80407725322e+00 1.46047925608e+01 2.80407725322e+00
1.26798998569e+01 2.80708154506e+00 1.46047925608e+01 2.80708154506e+00
1.27821888412e+01 2.81008583691e+00 1.46047925608e+01 2.81008583691e+00
1.28286838340e+01 2.81309012876e+00 1.46047925608e+01 2.81309012876e+00
1.28193848355e+01 2.81609442060e+00 1.46047925608e+01 2.81609442060e+00
1.27914878398e+01 2.81909871245e+00 1.46047925608e+01 2.81909871245e+00
1.27542918455e+01 2.82210300429e+00 1.46047925608e+01 2.82210300429e+00
1.26984978541e+01 2.82510729614e+00 1.46047925608e+01 2.82510729614e+00
1.26055078684e+01 2.82811158798e+00 1.46047925608e+01 2.82811158798e+00
1.27821888412e+01 2.83111587983e+00 1.46047925608e+01 2.83111587983e+00
1.27635908441e+01 2.83412017167e+00 1.46047925608e+01 2.83412017167e+00
1.27542918455e+01 2.83712446352e+00 1.46047925608e+01 2.83712446352e+00
1.27914878398e+01 2.84012875536e+00 1.46047925608e+01 2.84012875536e+00
1.29402718169e+01 2.84313304721e+00 1.46047925608e+01 2.84313304721e+00
1.29588698140e+01 2.84613733906e+00 1.46047925608e+01 2.84613733906e+00
1.29402718169e+01 2.84914163090e+00 1.46047925608e+01 2.84914163090e+00
1.29681688126e+01 2.85214592275e+00 1.46047925608e+01 2.85214592275e+00
1.29867668097e+01 2.85515021459e+00 1.46047925608e+01 2.85515021459e+00
1.29495708155e+01 2.85815450644e+00 1.46047925608e+01 2.85815450644e+00
1.28658798283e+01 2.86115879828e+00 1.46047925608e+01 2.86115879828e+00
1.29681688126e+01 2.86416309013e+00 1.46047925608e+01 2.86416309013e+00
1.28751788269e+01 2.86716738197e+00 1.45954935622e+01 2.86716738197e+00
1.28751788269e+01 2.87017167382e+00 1.46047925608e+01 2.87017167382e+00
1.30239628040e+01 2.87317596567e+00 1.46047925608e+01 2.87317596567e+00
1.30146638054e+01 2.87618025751e+00 1.46047925608e+01 2.87618025751e+00
1.31076537911e+01 2.87918454936e+00 1.46047925608e+01 2.87918454936e+00
1.31355507868e+01 2.88218884120e+00 1.46047925608e+01 2.88218884120e+00
1.31541487840e+01 2.88519313305e+00 1.46047925608e+01 2.88519313305e+00
1.31262517883e+01 2.88819742489e+00 1.46047925608e+01 2.88819742489e+00
1.31076537911e+01 2.89120171674e+00 1.46047925608e+01 2.89120171674e+00
1.30890557940e+01 2.89420600858e+00 1.46047925608e+01 2.89420600858e+00
1.30890557940e+01 2.89721030043e+00 1.46047925608e+01 2.89721030043e+00
1.30983547926e+01 2.90021459227e+00 1.46047925608e+01 2.90021459227e+00
1.30239628040e+01 2.90321888412e+00 1.46047925608e+01 2.90321888412e+00
1.30053648069e+01 2.90622317597e+00 1.46047925608e+01 2.90622317597e+00
1.32285407725e+01 2.90922746781e+00 1.46047925608e+01 2.90922746781e+00
1.32099427754e+01 2.91223175966e+00 1.46047925608e+01 2.91223175966e+00
1.31727467811e+01 2.91523605150e+00 1.46047925608e+01 2.91523605150e+00
1.31262517883e+01 2.91824034335e+00 1.46047925608e+01 2.91824034335e+00
1.32936337625e+01 2.92124463519e+00 1.46047925608e+01 2.92124463519e+00
1.32750357654e+01 2.92424892704e+00 1.46047925608e+01 2.92424892704e+00
1.32471387697e+01 2.92725321888e+00 1.46047925608e+01 2.92725321888e+00
1.32285407725e+01 2.93025751073e+00 1.46047925608e+01 2.93025751073e+00
1.31634477825e+01 2.93326180258e+00 1.46047925608e+01 2.93326180258e+00
1.31448497854e+01 2.93626609442e+00 1.46047925608e+01 2.93626609442e+00
1.33494277539e+01 2.93927038627e+00 1.46047925608e+01 2.93927038627e+00
1.33029327611e+01 2.94227467811e+00 1.46047925608e+01 2.94227467811e+00
1.32936337625e+01 2.94527896996e+00 1.45954935622e+01 2.94527896996e+00
1.32750357654e+01 2.94828326180e+00 1.45954935622e+01 2.94828326180e+00
1.33587267525e+01 2.95128755365e+00 1.45954935622e+01 2.95128755365e+00
1.33308297568e+01 2.95429184549e+00 1.45954935622e+01 2.95429184549e+00
1.33029327611e+01 2.95729613734e+00 1.45954935622e+01 2.95729613734e+00
1.32471387697e+01 2.96030042918e+00 1.45954935622e+01 2.96030042918e+00
1.32471387697e+01 2.96330472103e+00 1.45954935622e+01 2.96330472103e+00
1.34331187411e+01 2.96630901288e+00 1.45954935622e+01 2.96630901288e+00
1.33959227468e+01 2.96931330472e+00 1.45954935622e+01 2.96931330472e+00
1.33215307582e+01 2.97231759657e+00 1.45954935622e+01 2.97231759657e+00
1.34052217454e+01 2.97532188841e+00 1.45954935622e+01 2.97532188841e+00
1.33959227468e+01 2.97832618026e+00 1.45861945637e+01 2.97832618026e+00
1.33494277539e+01 2.98133047210e+00 1.45861945637e+01 2.98133047210e+00
1.33308297568e+01 2.98433476395e+00 1.45861945637e+01 2.98433476395e+00
1.33215307582e+01 2.98733905579e+00 1.45861945637e+01 2.98733905579e+00
1.33122317597e+01 2.99034334764e+00 1.45861945637e+01 2.99034334764e+00
1.33401287554e+01 2.99334763948e+00 1.45861945637e+01 2.99334763948e+00
1.36190987124e+01 2.99635193133e+00 1.45768955651e+01 2.99635193133e+00
1.36190987124e+01 2.99935622318e+00 1.45768955651e+01 2.99935622318e+00
1.35819027182e+01 3.00236051502e+00 1.45768955651e+01 3.00236051502e+00
1.35633047210e+01 3.00536480687e+00 1.45768955651e+01 3.00536480687e+00
1.35633047210e+01 3.00836909871e+00 1.45768955651e+01 3.00836909871e+00
1.35447067239e+01 3.01137339056e+00 1.45675965665e+01 3.01137339056e+00
1.34889127325e+01 3.01437768240e+00 1.45675965665e+01 3.01437768240e+00
1.34610157368e+01 3.01738197425e+00 1.45675965665e+01 3.01738197425e+00
1.36469957082e+01 3.02038626609e+00 1.45582975680e+01 3.02038626609e+00
1.36283977110e+01 3.02339055794e+00 1.45582975680e+01 3.02339055794e+00
1.36097997139e+01 3.02639484979e+00 1.45489985694e+01 3.02639484979e+00
1.37492846924e+01 3.02939914163e+00 1.45489985694e+01 3.02939914163e+00
1.36562947067e+01 3.03240343348e+00 1.45396995708e+01 3.03240343348e+00
1.37957796853e+01 3.03540772532e+00 1.45211015737e+01 3.03540772532e+00
1.37864806867e+01 3.03841201717e+00 1.45118025751e+01 3.03841201717e+00
1.37771816881e+01 3.04141630901e+00 1.44932045780e+01 3.04141630901e+00
1.37678826896e+01 3.04442060086e+00 1.44932045780e+01 3.04442060086e+00
1.37492846924e+01 3.04742489270e+00 1.44839055794e+01 3.04742489270e+00
1.37120886981e+01 3.05042918455e+00 1.44839055794e+01 3.05042918455e+00
1.39073676681e+01 3.05343347639e+00 1.44746065808e+01 3.05343347639e+00
1.38887696710e+01 3.05643776824e+00 1.44746065808e+01 3.05643776824e+00
1.38515736767e+01 3.05944206009e+00 1.44653075823e+01 3.05944206009e+00
1.38236766810e+01 3.06244635193e+00 1.44653075823e+01 3.06244635193e+00
1.38143776824e+01 3.06545064378e+00 1.44560085837e+01 3.06545064378e+00
1.38980686695e+01 3.06845493562e+00 1.44560085837e+01 3.06845493562e+00
1.38422746781e+01 3.07145922747e+00 1.44467095851e+01 3.07145922747e+00
1.38050786838e+01 3.07446351931e+00 1.44374105866e+01 3.07446351931e+00
1.39352646638e+01 3.07746781116e+00 1.44281115880e+01 3.07746781116e+00
1.39166666667e+01 3.08047210300e+00 1.44281115880e+01 3.08047210300e+00
1.39166666667e+01 3.08347639485e+00 1.44188125894e+01 3.08347639485e+00
1.38794706724e+01 3.08648068670e+00 1.44095135908e+01 3.08648068670e+00
1.42049356223e+01 3.08948497854e+00 1.44002145923e+01 3.08948497854e+00
1.41956366237e+01 3.09248927039e+00 1.43816165951e+01 3.09248927039e+00
1.41863376252e+01 3.09549356223e+00 1.43723175966e+01 3.09549356223e+00
1.41770386266e+01 3.09849785408e+00 1.43537195994e+01 3.09849785408e+00
1.42793276109e+01 3.10150214592e+00 1.43258226037e+01 3.10150214592e+00
