2.00622980684e+00 -1.46282056116e-01 1.99792339772e+00 -4.39932702123e-02
2.01038301140e+00 -1.38413687969e-01 2.00207660228e+00 -3.61249020659e-02
2.01453621596e+00 -1.30545319823e-01 2.00622980684e+00 -2.03881657731e-02
2.01868942052e+00 -1.22676951676e-01 2.01038301140e+00 -1.25197976267e-02
2.02284262508e+00 -1.14808583530e-01 2.01453621596e+00 3.21693866611e-03
2.02699582964e+00 -9.90718472371e-02 2.01868942052e+00 1.10853068125e-02
2.03114903420e+00 -9.12034790907e-02 2.02284262508e+00 2.68220431053e-02
2.03530223875e+00 -8.33351109443e-02 2.02699582964e+00 3.46904112517e-02
2.03945544331e+00 -7.54667427979e-02 2.03114903420e+00 4.25587793981e-02
2.04360864787e+00 -6.75983746515e-02 2.03530223875e+00 5.82955156909e-02
2.04776185243e+00 -5.97300065051e-02 2.03945544331e+00 6.61638838373e-02
2.05191505699e+00 -5.18616383587e-02 2.04360864787e+00 8.19006201301e-02
2.05606826155e+00 -4.39932702123e-02 2.04776185243e+00 8.97689882765e-02
2.06022146611e+00 -3.61249020659e-02 2.05191505699e+00 1.05505724569e-01
2.06437467067e+00 -2.03881657731e-02 2.05606826155e+00 1.13374092716e-01
2.06852787523e+00 -1.25197976267e-02 2.06022146611e+00 1.21242460862e-01
2.07268107979e+00 -4.65142948029e-03 2.06437467067e+00 1.36979197155e-01
2.07683428435e+00 3.21693866611e-03 2.06852787523e+00 1.44847565301e-01
2.08098748891e+00 1.10853068125e-02 2.07268107979e+00 1.60584301594e-01
2.08514069347e+00 1.89536749589e-02 2.07683428435e+00 1.68452669741e-01
2.08929389803e+00 2.68220431053e-02 2.08098748891e+00 1.84189406033e-01
2.09344710259e+00 3.46904112517e-02 2.08514069347e+00 1.92057774180e-01
2.09760030714e+00 4.25587793981e-02 2.08929389803e+00 2.07794510473e-01
2.10175351170e+00 5.82955156909e-02 2.09344710259e+00 2.15662878619e-01
2.10590671626e+00 6.61638838373e-02 2.09760030714e+00 2.23531246765e-01
2.11005992082e+00 7.40322519837e-02 2.10175351170e+00 2.39267983058e-01
2.11421312538e+00 8.19006201301e-02 2.10590671626e+00 2.47136351205e-01
2.11836632994e+00 8.97689882765e-02 2.11005992082e+00 2.62873087497e-01
2.12251953450e+00 9.76373564229e-02 2.11421312538e+00 2.70741455644e-01
2.12667273906e+00 1.05505724569e-01 2.11836632994e+00 2.86478191937e-01
2.13082594362e+00 1.13374092716e-01 2.12251953450e+00 2.94346560083e-01
2.13497914818e+00 1.21242460862e-01 2.12667273906e+00 3.02214928229e-01
2.13913235274e+00 1.36979197155e-01 2.13082594362e+00 3.17951664522e-01
2.14328555730e+00 1.44847565301e-01 2.13497914818e+00 3.25820032669e-01
2.14743876186e+00 1.52715933448e-01 2.13913235274e+00 3.41556768961e-01
2.15159196642e+00 1.60584301594e-01 2.14328555730e+00 3.49425137108e-01
2.15574517098e+00 1.68452669741e-01 2.14743876186e+00 3.65161873401e-01
2.15989837554e+00 1.76321037887e-01 2.15159196642e+00 3.73030241547e-01
2.16405158009e+00 1.84189406033e-01 2.15574517098e+00 3.80898609693e-01
2.16820478465e+00 1.92057774180e-01 2.15989837554e+00 3.96635345986e-01
2.17235798921e+00 1.99926142326e-01 2.16405158009e+00 4.04503714133e-01
2.17651119377e+00 2.15662878619e-01 2.16820478465e+00 4.20240450425e-01
2.18066439833e+00 2.23531246765e-01 2.17235798921e+00 4.28108818572e-01
2.18481760289e+00 2.31399614912e-01 2.17651119377e+00 4.43845554865e-01
2.18897080745e+00 2.39267983058e-01 2.18066439833e+00 4.51713923011e-01
2.19312401201e+00 2.47136351205e-01 2.18481760289e+00 4.59582291157e-01
2.19727721657e+00 2.55004719351e-01 2.18897080745e+00 4.75319027450e-01
2.20143042113e+00 2.62873087497e-01 2.19312401201e+00 4.83187395597e-01
2.20558362569e+00 2.70741455644e-01 2.19727721657e+00 4.98924131889e-01
2.20973683025e+00 2.78609823790e-01 2.20143042113e+00 5.06792500036e-01
2.21389003481e+00 2.94346560083e-01 2.20558362569e+00 5.22529236329e-01
2.21804323937e+00 3.02214928229e-01 2.20973683025e+00 5.30397604475e-01
2.22219644393e+00 3.10083296376e-01 2.21389003481e+00 5.38265972621e-01
2.22634964849e+00 3.17951664522e-01 2.21804323937e+00 5.54002708914e-01
2.23050285304e+00 3.25820032669e-01 2.22219644393e+00 5.85476181500e-01
2.23465605760e+00 3.33688400815e-01 2.22634964849e+00 6.72028231110e-01
2.23880926216e+00 3.41556768961e-01 2.23050285304e+00 7.58580280721e-01
2.24296246672e+00 3.49425137108e-01 2.23465605760e+00 8.05790489599e-01
2.24711567128e+00 3.57293505254e-01 2.23880926216e+00 8.53000698477e-01
2.25126887584e+00 3.65161873401e-01 2.24296246672e+00 9.00210907356e-01
2.25542208040e+00 3.73030241547e-01 2.24711567128e+00 9.55289484381e-01
2.25957528496e+00 3.80898609693e-01 2.25126887584e+00 1.00249969326e+00
2.26372848952e+00 3.88766977840e-01 2.25542208040e+00 1.04970990214e+00
2.26788169408e+00 3.96635345986e-01 2.25957528496e+00 1.07331500658e+00
2.27203489864e+00 3.96635345986e-01 2.26372848952e+00 1.10478847916e+00
2.27618810320e+00 4.04503714133e-01 2.26788169408e+00 1.12839358360e+00
2.28034130776e+00 4.12372082279e-01 2.27203489864e+00 1.14413031989e+00
2.28449451232e+00 4.20240450425e-01 2.27618810320e+00 1.15199868804e+00
2.28864771688e+00 4.20240450425e-01 2.28034130776e+00 1.16773542433e+00
2.29280092143e+00 4.28108818572e-01 2.28449451232e+00 1.18347216063e+00
2.29695412599e+00 4.35977186718e-01 2.28864771688e+00 1.19134052877e+00
2.30110733055e+00 4.35977186718e-01 2.29280092143e+00 1.20707726507e+00
2.30526053511e+00 4.43845554865e-01 2.29695412599e+00 1.21494563321e+00
2.30941373967e+00 4.51713923011e-01 2.30110733055e+00 1.21494563321e+00
2.31356694423e+00 4.59582291157e-01 2.30526053511e+00 1.21494563321e+00
2.31772014879e+00 4.59582291157e-01 2.30941373967e+00 1.22281400136e+00
2.32187335335e+00 4.67450659304e-01 2.31356694423e+00 1.22281400136e+00
2.32602655791e+00 4.75319027450e-01 2.31772014879e+00 1.22281400136e+00
2.33017976247e+00 4.75319027450e-01 2.32187335335e+00 1.23068236950e+00
2.33433296703e+00 4.83187395597e-01 2.32602655791e+00 1.23068236950e+00
2.33848617159e+00 4.91055763743e-01 2.33017976247e+00 1.23068236950e+00
2.34263937615e+00 4.91055763743e-01 2.33433296703e+00 1.23855073765e+00
2.34679258071e+00 4.98924131889e-01 2.33848617159e+00 1.25428747394e+00
2.35094578527e+00 5.06792500036e-01 2.34263937615e+00 1.26215584209e+00
2.35509898983e+00 5.14660868182e-01 2.34679258071e+00 1.27789257838e+00
2.35925219438e+00 5.14660868182e-01 2.35094578527e+00 1.28576094653e+00
2.36340539894e+00 5.22529236329e-01 2.35509898983e+00 1.30936605097e+00
2.36755860350e+00 5.30397604475e-01 2.35925219438e+00 1.33297115541e+00
2.37171180806e+00 5.30397604475e-01 2.36340539894e+00 1.33297115541e+00
2.37586501262e+00 5.38265972621e-01 2.36755860350e+00 1.34083952355e+00
2.38001821718e+00 5.46134340768e-01 2.37171180806e+00 1.35657625985e+00
2.38417142174e+00 5.46134340768e-01 2.37586501262e+00 1.38804973243e+00
2.38832462630e+00 5.54002708914e-01 2.38001821718e+00 1.41952320502e+00
2.39247783086e+00 5.61871077061e-01 2.38417142174e+00 1.44312830946e+00
2.39663103542e+00 5.69739445207e-01 2.38832462630e+00 1.46673341390e+00
2.40078423998e+00 5.69739445207e-01 2.39247783086e+00 1.49033851834e+00
2.40493744454e+00 5.77607813353e-01 2.39663103542e+00 1.51394362278e+00
2.40909064910e+00 5.85476181500e-01 2.40078423998e+00 1.53754872721e+00
2.41324385366e+00 5.85476181500e-01 2.40493744454e+00 1.56115383165e+00
2.41739705822e+00 5.93344549646e-01 2.40909064910e+00 1.58475893609e+00
2.42155026277e+00 6.01212917793e-01 2.41324385366e+00 1.60049567239e+00
2.42570346733e+00 6.01212917793e-01 2.41739705822e+00 1.62410077682e+00
2.42985667189e+00 6.09081285939e-01 2.42155026277e+00 1.64770588126e+00
2.43400987645e+00 6.16949654085e-01 2.42570346733e+00 1.66344261756e+00
2.43816308101e+00 6.24818022232e-01 2.42985667189e+00 1.68704772200e+00
2.44231628557e+00 6.24818022232e-01 2.43400987645e+00 1.70278445829e+00
2.44646949013e+00 6.32686390378e-01 2.43816308101e+00 1.71852119458e+00
2.45062269469e+00 6.40554758525e-01 2.44231628557e+00 1.73425793087e+00
2.45477589925e+00 6.40554758525e-01 2.44646949013e+00 1.74999466717e+00
2.45892910381e+00 6.48423126671e-01 2.45062269469e+00 1.77359977161e+00
2.46308230837e+00 6.48423126671e-01 2.45477589925e+00 1.78933650790e+00
2.46723551293e+00 6.56291494817e-01 2.45892910381e+00 1.80507324419e+00
2.47138871749e+00 6.56291494817e-01 2.46308230837e+00 1.82080998048e+00
2.47554192205e+00 6.64159862964e-01 2.46723551293e+00 1.83654671678e+00
2.47969512661e+00 6.64159862964e-01 2.47138871749e+00 1.85228345307e+00
2.48384833117e+00 6.72028231110e-01 2.47554192205e+00 1.86802018936e+00
2.48800153572e+00 6.72028231110e-01 2.47969512661e+00 1.88375692566e+00
2.49215474028e+00 6.79896599257e-01 2.48384833117e+00 1.89162529380e+00
2.49630794484e+00 6.79896599257e-01 2.48800153572e+00 1.90736203010e+00
2.50046114940e+00 6.87764967403e-01 2.49215474028e+00 1.91523039824e+00
2.50461435396e+00 6.87764967403e-01 2.49630794484e+00 1.93096713453e+00
2.50876755852e+00 6.95633335549e-01 2.50046114940e+00 1.94670387083e+00
2.51292076308e+00 6.95633335549e-01 2.50461435396e+00 1.96244060712e+00
2.51707396764e+00 7.03501703696e-01 2.50876755852e+00 1.97817734341e+00
2.52122717220e+00 7.11370071842e-01 2.51292076308e+00 1.98604571156e+00
2.52538037676e+00 7.11370071842e-01 2.51707396764e+00 2.00178244785e+00
2.52953358132e+00 7.19238439989e-01 2.52122717220e+00 2.00965081600e+00
2.53368678588e+00 7.19238439989e-01 2.52538037676e+00 2.02538755229e+00
2.53783999044e+00 7.27106808135e-01 2.52953358132e+00 2.03325592044e+00
2.54199319500e+00 7.27106808135e-01 2.53368678588e+00 2.04899265673e+00
2.54614639956e+00 7.34975176281e-01 2.53783999044e+00 2.05686102488e+00
2.55029960412e+00 7.34975176281e-01 2.54199319500e+00 2.07259776117e+00
2.55445280867e+00 7.42843544428e-01 2.54614639956e+00 2.08046612932e+00
2.55860601323e+00 7.42843544428e-01 2.55029960412e+00 2.08833449746e+00
2.56275921779e+00 7.50711912574e-01 2.55445280867e+00 2.10407123376e+00
2.56691242235e+00 7.50711912574e-01 2.55860601323e+00 2.11193960190e+00
2.57106562691e+00 7.58580280721e-01 2.56275921779e+00 2.11980797005e+00
2.57521883147e+00 7.58580280721e-01 2.56691242235e+00 2.13554470634e+00
2.57937203603e+00 7.66448648867e-01 2.57106562691e+00 2.14341307449e+00
2.58352524059e+00 7.66448648867e-01 2.57521883147e+00 2.15914981078e+00
2.58767844515e+00 7.74317017013e-01 2.57937203603e+00 2.16701817893e+00
2.59183164971e+00 7.90053753306e-01 2.58352524059e+00 2.18275491522e+00
2.59598485427e+00 8.13658857745e-01 2.58767844515e+00 2.19062328337e+00
2.60013805883e+00 8.21527225892e-01 2.59183164971e+00 2.19849165151e+00
2.60429126339e+00 8.29395594038e-01 2.59598485427e+00 2.21422838780e+00
2.60844446795e+00 8.76605802917e-01 2.60013805883e+00 2.22209675595e+00
2.61259767251e+00 8.92342539209e-01 2.60429126339e+00 2.22996512410e+00
2.61675087706e+00 9.15947643649e-01 2.60844446795e+00 2.23783349224e+00
2.62090408162e+00 9.31684379941e-01 2.61259767251e+00 2.25357022854e+00
2.62505728618e+00 9.55289484381e-01 2.61675087706e+00 2.26143859668e+00
2.62921049074e+00 9.71026220673e-01 2.62090408162e+00 2.26930696483e+00
2.63336369530e+00 9.94631325113e-01 2.62505728618e+00 2.27717533298e+00
2.63751689986e+00 1.01036806141e+00 2.62921049074e+00 2.28504370112e+00
2.64167010442e+00 1.03397316584e+00 2.63336369530e+00 2.29291206927e+00
2.64582330898e+00 1.04970990214e+00 2.63751689986e+00 2.30078043742e+00
2.64997651354e+00 1.08118337472e+00 2.64167010442e+00 2.30864880556e+00
2.65412971810e+00 1.12052521546e+00 2.64582330898e+00 2.30864880556e+00
2.65828292266e+00 1.15199868804e+00 2.64997651354e+00 2.31651717371e+00
2.66243612722e+00 1.15986705619e+00 2.65412971810e+00 2.33225391000e+00
2.66658933178e+00 1.16773542433e+00 2.65828292266e+00 2.34012227815e+00
2.67074253634e+00 1.19134052877e+00 2.66243612722e+00 2.34799064629e+00
2.67489574090e+00 1.23068236950e+00 2.66658933178e+00 2.35585901444e+00
2.67904894546e+00 1.27002421024e+00 2.67074253634e+00 2.36372738259e+00
2.68320215001e+00 1.31723441912e+00 2.67489574090e+00 2.37159575073e+00
2.68735535457e+00 1.38018136429e+00 2.67904894546e+00 2.37946411888e+00
2.69150855913e+00 1.41165483687e+00 2.68320215001e+00 2.38733248703e+00
2.69566176369e+00 1.43525994131e+00 2.68735535457e+00 2.39520085517e+00
2.69981496825e+00 1.45099667760e+00 2.69150855913e+00 2.40306922332e+00
2.70396817281e+00 1.47460178204e+00 2.69566176369e+00 2.41093759146e+00
2.70812137737e+00 1.49820688648e+00 2.69981496825e+00 2.41093759146e+00
2.71227458193e+00 1.52181199092e+00 2.70396817281e+00 2.41880595961e+00
2.71642778649e+00 1.54541709536e+00 2.70812137737e+00 2.42667432776e+00
2.72058099105e+00 1.56115383165e+00 2.71227458193e+00 2.43454269590e+00
2.72473419561e+00 1.60836404053e+00 2.71642778649e+00 2.44241106405e+00
2.72888740017e+00 1.63983751312e+00 2.72058099105e+00 2.45027943220e+00
2.73304060473e+00 1.67917935385e+00 2.72473419561e+00 2.45814780034e+00
2.73719380929e+00 1.71852119458e+00 2.72888740017e+00 2.46601616849e+00
2.74134701385e+00 1.74999466717e+00 2.73304060473e+00 2.46601616849e+00
2.74550021840e+00 1.78933650790e+00 2.73719380929e+00 2.47388453664e+00
2.74965342296e+00 1.82080998048e+00 2.74134701385e+00 2.48175290478e+00
2.75380662752e+00 1.83654671678e+00 2.74550021840e+00 2.48962127293e+00
2.75795983208e+00 1.85228345307e+00 2.74965342296e+00 2.48962127293e+00
2.76211303664e+00 1.87588855751e+00 2.75380662752e+00 2.49748964108e+00
2.76626624120e+00 1.89162529380e+00 2.75795983208e+00 2.50535800922e+00
2.77041944576e+00 1.90736203010e+00 2.76211303664e+00 2.51322637737e+00
2.77457265032e+00 1.92309876639e+00 2.76626624120e+00 2.51322637737e+00
2.77872585488e+00 1.93096713453e+00 2.77041944576e+00 2.52109474551e+00
2.78287905944e+00 1.93883550268e+00 2.77457265032e+00 2.52896311366e+00
2.78703226400e+00 1.93883550268e+00 2.77872585488e+00 2.52896311366e+00
2.79118546856e+00 1.93883550268e+00 2.78287905944e+00 2.53683148181e+00
2.79533867312e+00 1.93883550268e+00 2.78703226400e+00 2.54469984995e+00
2.79949187768e+00 1.93883550268e+00 2.79118546856e+00 2.55256821810e+00
2.80364508224e+00 1.93883550268e+00 2.79533867312e+00 2.56043658625e+00
2.80779828680e+00 1.93883550268e+00 2.79949187768e+00 2.56830495439e+00
2.81195149135e+00 1.93883550268e+00 2.80364508224e+00 2.57617332254e+00
2.81610469591e+00 1.94670387083e+00 2.80779828680e+00 2.58404169069e+00
2.82025790047e+00 1.94670387083e+00 2.81195149135e+00 2.58404169069e+00
2.82441110503e+00 1.94670387083e+00 2.81610469591e+00 2.59191005883e+00
2.82856430959e+00 1.94670387083e+00 2.82025790047e+00 2.59977842698e+00
2.83271751415e+00 1.94670387083e+00 2.82441110503e+00 2.60764679512e+00
2.83687071871e+00 1.94670387083e+00 2.82856430959e+00 2.61551516327e+00
2.84102392327e+00 1.94670387083e+00 2.83271751415e+00 2.62338353142e+00
2.84517712783e+00 1.94670387083e+00 2.83687071871e+00 2.62338353142e+00
2.84933033239e+00 1.94670387083e+00 2.84102392327e+00 2.63125189956e+00
2.85348353695e+00 1.94670387083e+00 2.84517712783e+00 2.63912026771e+00
2.85763674151e+00 1.94670387083e+00 2.84933033239e+00 2.64698863586e+00
2.86178994607e+00 1.94670387083e+00 2.85348353695e+00 2.64698863586e+00
2.86594315063e+00 1.95457223897e+00 2.85763674151e+00 2.65485700400e+00
2.87009635519e+00 1.95457223897e+00 2.86178994607e+00 2.66272537215e+00
2.87424955975e+00 1.95457223897e+00 2.86594315063e+00 2.66272537215e+00
2.87840276430e+00 1.95457223897e+00 2.87009635519e+00 2.67059374030e+00
2.88255596886e+00 1.95457223897e+00 2.87424955975e+00 2.67059374030e+00
2.88670917342e+00 1.96244060712e+00 2.87840276430e+00 2.67846210844e+00
2.89086237798e+00 1.97030897527e+00 2.88255596886e+00 2.68633047659e+00
2.89501558254e+00 1.97030897527e+00 2.88670917342e+00 2.68633047659e+00
2.89916878710e+00 1.97030897527e+00 2.89086237798e+00 2.68633047659e+00
2.90332199166e+00 1.97817734341e+00 2.89501558254e+00 2.69419884474e+00
2.90747519622e+00 1.97817734341e+00 2.89916878710e+00 2.70206721288e+00
2.91162840078e+00 1.97817734341e+00 2.90332199166e+00 2.70206721288e+00
2.91578160534e+00 1.97817734341e+00 2.90747519622e+00 2.70993558103e+00
2.91993480990e+00 1.98604571156e+00 2.91162840078e+00 2.71780394917e+00
2.92408801446e+00 1.98604571156e+00 2.91578160534e+00 2.71780394917e+00
2.92824121902e+00 1.98604571156e+00 2.91993480990e+00 2.71780394917e+00
2.93239442358e+00 1.98604571156e+00 2.92408801446e+00 2.72567231732e+00
2.93654762814e+00 1.98604571156e+00 2.92824121902e+00 2.72567231732e+00
2.94070083269e+00 1.98604571156e+00 2.93239442358e+00 2.72567231732e+00
2.94485403725e+00 1.98604571156e+00 2.93654762814e+00 2.72567231732e+00
2.94900724181e+00 1.99391407971e+00 2.94070083269e+00 2.73354068547e+00
2.95316044637e+00 1.99391407971e+00 2.94485403725e+00 2.73354068547e+00
2.95731365093e+00 1.99391407971e+00 2.94900724181e+00 2.74140905361e+00
2.96146685549e+00 1.99391407971e+00 2.95316044637e+00 2.74927742176e+00
2.96562006005e+00 1.99391407971e+00 2.95731365093e+00 2.75714578991e+00
2.96977326461e+00 2.00178244785e+00 2.96146685549e+00 2.75714578991e+00
2.97392646917e+00 2.00178244785e+00 2.96562006005e+00 2.76501415805e+00
2.97807967373e+00 2.00178244785e+00 2.96977326461e+00 2.76501415805e+00
2.98223287829e+00 2.00178244785e+00 2.97392646917e+00 2.76501415805e+00
2.98638608285e+00 2.00965081600e+00 2.97807967373e+00 2.76501415805e+00
2.99053928741e+00 2.00965081600e+00 2.98223287829e+00 2.77288252620e+00
2.99469249197e+00 2.00965081600e+00 2.98638608285e+00 2.77288252620e+00
2.99884569653e+00 2.00965081600e+00 2.99053928741e+00 2.77288252620e+00
3.00299890109e+00 2.01751918414e+00 2.99469249197e+00 2.77288252620e+00
3.00715210564e+00 2.01751918414e+00 2.99884569653e+00 2.78075089435e+00
3.01130531020e+00 2.01751918414e+00 3.00299890109e+00 2.78861926249e+00
3.01545851476e+00 2.01751918414e+00 3.00715210564e+00 2.79648763064e+00
3.01961171932e+00 2.02538755229e+00 3.01130531020e+00 2.79648763064e+00
3.02376492388e+00 2.02538755229e+00 3.01545851476e+00 2.80435599878e+00
3.02791812844e+00 2.02538755229e+00 3.01961171932e+00 2.80435599878e+00
3.03207133300e+00 2.02538755229e+00 3.02376492388e+00 2.80435599878e+00
3.03622453756e+00 2.02538755229e+00 3.02791812844e+00 2.81222436693e+00
3.04037774212e+00 2.03325592044e+00 3.03207133300e+00 2.82009273508e+00
3.04453094668e+00 2.03325592044e+00 3.03622453756e+00 2.82796110322e+00
3.04868415124e+00 2.03325592044e+00 3.04037774212e+00 2.83582947137e+00
3.05283735580e+00 2.04112428858e+00 3.04453094668e+00 2.84369783952e+00
3.05699056036e+00 2.04112428858e+00 3.04868415124e+00 2.84369783952e+00
3.06114376492e+00 2.04899265673e+00 3.05283735580e+00 2.85156620766e+00
3.06529696948e+00 2.04899265673e+00 3.05699056036e+00 2.85943457581e+00
3.06945017403e+00 2.04899265673e+00 3.06114376492e+00 2.86730294396e+00
3.07360337859e+00 2.05686102488e+00 3.06529696948e+00 2.86730294396e+00
3.07775658315e+00 2.05686102488e+00 3.06945017403e+00 2.87517131210e+00
3.08190978771e+00 2.05686102488e+00 3.07360337859e+00 2.88303968025e+00
3.08606299227e+00 2.06472939302e+00 3.07775658315e+00 2.88303968025e+00
3.09021619683e+00 2.06472939302e+00 3.08190978771e+00 2.89090804840e+00
3.09436940139e+00 2.06472939302e+00 3.08606299227e+00 2.89090804840e+00
3.09852260595e+00 2.06472939302e+00 3.09021619683e+00 2.89090804840e+00
3.10267581051e+00 2.07259776117e+00 3.09436940139e+00 2.89877641654e+00
3.10682901507e+00 2.07259776117e+00 3.09852260595e+00 2.89877641654e+00
3.11098221963e+00 2.08046612932e+00 3.10267581051e+00 2.89877641654e+00
3.11513542419e+00 2.08046612932e+00 3.10682901507e+00 2.90664478469e+00
3.11928862875e+00 2.08833449746e+00 3.11098221963e+00 2.90664478469e+00
3.12344183331e+00 2.08833449746e+00 3.11513542419e+00 2.90664478469e+00
3.12759503787e+00 2.08833449746e+00 3.11928862875e+00 2.91451315283e+00
3.13174824243e+00 2.08833449746e+00 3.12344183331e+00 2.91451315283e+00
3.13590144698e+00 2.08833449746e+00 3.12759503787e+00 2.91451315283e+00
3.14005465154e+00 2.08833449746e+00 3.13174824243e+00 2.91451315283e+00
3.14420785610e+00 2.08833449746e+00 3.13590144698e+00 2.92238152098e+00
3.14836106066e+00 2.08833449746e+00 3.14005465154e+00 2.92238152098e+00
3.15251426522e+00 2.08833449746e+00 3.14420785610e+00 2.93024988913e+00
3.15666746978e+00 2.08833449746e+00 3.14836106066e+00 2.93024988913e+00
3.16082067434e+00 2.08833449746e+00 3.15251426522e+00 2.93811825727e+00
3.16497387890e+00 2.08833449746e+00 3.15666746978e+00 2.93811825727e+00
3.16912708346e+00 2.08833449746e+00 3.16082067434e+00 2.93811825727e+00
3.17328028802e+00 2.08833449746e+00 3.16497387890e+00 2.94598662542e+00
3.17743349258e+00 2.08833449746e+00 3.16912708346e+00 2.94598662542e+00
3.18158669714e+00 2.08833449746e+00 3.17328028802e+00 2.95385499357e+00
3.18573990170e+00 2.08833449746e+00 3.17743349258e+00 2.95385499357e+00
3.18989310626e+00 2.08833449746e+00 3.18158669714e+00 2.96172336171e+00
3.19404631082e+00 2.09620286561e+00 3.18573990170e+00 2.96172336171e+00
3.19819951538e+00 2.09620286561e+00 3.18989310626e+00 2.96959172986e+00
3.20235271993e+00 2.09620286561e+00 3.19404631082e+00 2.96959172986e+00
3.20650592449e+00 2.09620286561e+00 3.19819951538e+00 2.96959172986e+00
3.21065912905e+00 2.09620286561e+00 3.20235271993e+00 2.97746009801e+00
3.21481233361e+00 2.09620286561e+00 3.20650592449e+00 2.97746009801e+00
3.21896553817e+00 2.09620286561e+00 3.21065912905e+00 2.98532846615e+00
3.22311874273e+00 2.09620286561e+00 3.21481233361e+00 2.98532846615e+00
3.22727194729e+00 2.09620286561e+00 3.21896553817e+00 2.98532846615e+00
3.23142515185e+00 2.09620286561e+00 3.22311874273e+00 2.99319683430e+00
3.23557835641e+00 2.09620286561e+00 3.22727194729e+00 2.99319683430e+00
3.23973156097e+00 2.09620286561e+00 3.23142515185e+00 2.99319683430e+00
3.24388476553e+00 2.09620286561e+00 3.23557835641e+00 2.99319683430e+00
3.24803797009e+00 2.09620286561e+00 3.23973156097e+00 3.00106520244e+00
3.25219117465e+00 2.10407123376e+00 3.24388476553e+00 3.00106520244e+00
3.25634437921e+00 2.11193960190e+00 3.24803797009e+00 3.00106520244e+00
3.26049758377e+00 2.11193960190e+00 3.25219117465e+00 3.00106520244e+00
3.26465078832e+00 2.11193960190e+00 3.25634437921e+00 3.00893357059e+00
3.26880399288e+00 2.11193960190e+00 3.26049758377e+00 3.00893357059e+00
3.27295719744e+00 2.11193960190e+00 3.26465078832e+00 3.00893357059e+00
3.27711040200e+00 2.11980797005e+00 3.26880399288e+00 3.01680193874e+00
3.28126360656e+00 2.11980797005e+00 3.27295719744e+00 3.01680193874e+00
3.28541681112e+00 2.12767633819e+00 3.27711040200e+00 3.01680193874e+00
3.28957001568e+00 2.13554470634e+00 3.28126360656e+00 3.01680193874e+00
3.29372322024e+00 2.14341307449e+00 3.28541681112e+00 3.02467030688e+00
3.29787642480e+00 2.15128144263e+00 3.28957001568e+00 3.02467030688e+00
3.30202962936e+00 2.15914981078e+00 3.29372322024e+00 3.02467030688e+00
3.30618283392e+00 2.16701817893e+00 3.29787642480e+00 3.02467030688e+00
3.31033603848e+00 2.17488654707e+00 3.30202962936e+00 3.02467030688e+00
3.31448924304e+00 2.18275491522e+00 3.30618283392e+00 3.02467030688e+00
3.31864244760e+00 2.19849165151e+00 3.31033603848e+00 3.03253867503e+00
3.32279565216e+00 2.20636001966e+00 3.31448924304e+00 3.03253867503e+00
3.32694885672e+00 2.21422838780e+00 3.31864244760e+00 3.03253867503e+00
3.33110206127e+00 2.21422838780e+00 3.32279565216e+00 3.04040704318e+00
3.33525526583e+00 2.22209675595e+00 3.32694885672e+00 3.04040704318e+00
3.33940847039e+00 2.22209675595e+00 3.33110206127e+00 3.04040704318e+00
3.34356167495e+00 2.22209675595e+00 3.33525526583e+00 3.04827541132e+00
3.34771487951e+00 2.22209675595e+00 3.33940847039e+00 3.05614377947e+00
3.35186808407e+00 2.22209675595e+00 3.34356167495e+00 3.05614377947e+00
3.35602128863e+00 2.22209675595e+00 3.34771487951e+00 3.05614377947e+00
3.36017449319e+00 2.22209675595e+00 3.35186808407e+00 3.06401214762e+00
3.36432769775e+00 2.22209675595e+00 3.35602128863e+00 3.06401214762e+00
3.36848090231e+00 2.22209675595e+00 3.36017449319e+00 3.06401214762e+00
3.37263410687e+00 2.22996512410e+00 3.36432769775e+00 3.07188051576e+00
3.37678731143e+00 2.22996512410e+00 3.36848090231e+00 3.07974888391e+00
3.38094051599e+00 2.22996512410e+00 3.37263410687e+00 3.08761725206e+00
3.38509372055e+00 2.22996512410e+00 3.37678731143e+00 3.09548562020e+00
3.38924692511e+00 2.22996512410e+00 3.38094051599e+00 3.10335398835e+00
3.39340012966e+00 2.22996512410e+00 3.38509372055e+00 3.11122235649e+00
3.39755333422e+00 2.22996512410e+00 3.38924692511e+00 3.11909072464e+00
3.40170653878e+00 2.23783349224e+00 3.39340012966e+00 3.12695909279e+00
3.40585974334e+00 2.25357022854e+00 3.39755333422e+00 3.12695909279e+00
3.41001294790e+00 2.26143859668e+00 3.40170653878e+00 3.13482746093e+00
3.41416615246e+00 2.26930696483e+00 3.40585974334e+00 3.13482746093e+00
3.41831935702e+00 2.28504370112e+00 3.41001294790e+00 3.14269582908e+00
3.42247256158e+00 2.29291206927e+00 3.41416615246e+00 3.14269582908e+00
3.42662576614e+00 2.30864880556e+00 3.41831935702e+00 3.14269582908e+00
3.43077897070e+00 2.32438554185e+00 3.42247256158e+00 3.15056419723e+00
3.43493217526e+00 2.34012227815e+00 3.42662576614e+00 3.15056419723e+00
3.43908537982e+00 2.34012227815e+00 3.43077897070e+00 3.15056419723e+00
3.44323858438e+00 2.34012227815e+00 3.43493217526e+00 3.15056419723e+00
3.44739178894e+00 2.34799064629e+00 3.43908537982e+00 3.15843256537e+00
3.45154499350e+00 2.34799064629e+00 3.44323858438e+00 3.16630093352e+00
3.45569819806e+00 2.34799064629e+00 3.44739178894e+00 3.17416930167e+00
3.45985140261e+00 2.34799064629e+00 3.45154499350e+00 3.18203766981e+00
3.46400460717e+00 2.35585901444e+00 3.45569819806e+00 3.18203766981e+00
3.46815781173e+00 2.35585901444e+00 3.45985140261e+00 3.18990603796e+00
3.47231101629e+00 2.36372738259e+00 3.46400460717e+00 3.19777440610e+00
3.47646422085e+00 2.37159575073e+00 3.46815781173e+00 3.19777440610e+00
3.48061742541e+00 2.37946411888e+00 3.47231101629e+00 3.19777440610e+00
3.48477062997e+00 2.37946411888e+00 3.47646422085e+00 3.20564277425e+00
3.48892383453e+00 2.37946411888e+00 3.48061742541e+00 3.20564277425e+00
3.49307703909e+00 2.37946411888e+00 3.48477062997e+00 3.20564277425e+00
3.49723024365e+00 2.37946411888e+00 3.48892383453e+00 3.21351114240e+00
3.50138344821e+00 2.38733248703e+00 3.49307703909e+00 3.21351114240e+00
3.50553665277e+00 2.38733248703e+00 3.49723024365e+00 3.21351114240e+00
3.50968985733e+00 2.39520085517e+00 3.50138344821e+00 3.21351114240e+00
3.51384306189e+00 2.39520085517e+00 3.50553665277e+00 3.21351114240e+00
3.51799626645e+00 2.40306922332e+00 3.50968985733e+00 3.21351114240e+00
3.52214947101e+00 2.40306922332e+00 3.51384306189e+00 3.21351114240e+00
3.52630267556e+00 2.41093759146e+00 3.51799626645e+00 3.22137951054e+00
3.53045588012e+00 2.41093759146e+00 3.52214947101e+00 3.22924787869e+00
3.53460908468e+00 2.41880595961e+00 3.52630267556e+00 3.22924787869e+00
3.53876228924e+00 2.41880595961e+00 3.53045588012e+00 3.23711624684e+00
3.54291549380e+00 2.42667432776e+00 3.53460908468e+00 3.24498461498e+00
3.54706869836e+00 2.42667432776e+00 3.53876228924e+00 3.24498461498e+00
3.55122190292e+00 2.43454269590e+00 3.54291549380e+00 3.25285298313e+00
3.55537510748e+00 2.45027943220e+00 3.54706869836e+00 3.25285298313e+00
3.55952831204e+00 2.45027943220e+00 3.55122190292e+00 3.26072135128e+00
3.56368151660e+00 2.45027943220e+00 3.55537510748e+00 3.26072135128e+00
3.56783472116e+00 2.45027943220e+00 3.55952831204e+00 3.26858971942e+00
3.57198792572e+00 2.45027943220e+00 3.56368151660e+00 3.26858971942e+00
3.57614113028e+00 2.45027943220e+00 3.56783472116e+00 3.26858971942e+00
3.58029433484e+00 2.45027943220e+00 3.57198792572e+00 3.27645808757e+00
3.58444753940e+00 2.45027943220e+00 3.57614113028e+00 3.27645808757e+00
3.58860074395e+00 2.45027943220e+00 3.58029433484e+00 3.28432645572e+00
3.59275394851e+00 2.45027943220e+00 3.58444753940e+00 3.29219482386e+00
3.59690715307e+00 2.45027943220e+00 3.58860074395e+00 3.30006319201e+00
3.60106035763e+00 2.45814780034e+00 3.59275394851e+00 3.30793156015e+00
3.60521356219e+00 2.46601616849e+00 3.59690715307e+00 3.31579992830e+00
3.60936676675e+00 2.47388453664e+00 3.60106035763e+00 3.32366829645e+00
3.61351997131e+00 2.48175290478e+00 3.60521356219e+00 3.33153666459e+00
3.61767317587e+00 2.48962127293e+00 3.60936676675e+00 3.33153666459e+00
3.62182638043e+00 2.49748964108e+00 3.61351997131e+00 3.33940503274e+00
3.62597958499e+00 2.49748964108e+00 3.61767317587e+00 3.33940503274e+00
3.63013278955e+00 2.49748964108e+00 3.62182638043e+00 3.33940503274e+00
3.63428599411e+00 2.49748964108e+00 3.62597958499e+00 3.33940503274e+00
3.63843919867e+00 2.49748964108e+00 3.63013278955e+00 3.33940503274e+00
3.64259240323e+00 2.49748964108e+00 3.63428599411e+00 3.34727340089e+00
3.64674560779e+00 2.49748964108e+00 3.63843919867e+00 3.34727340089e+00
3.65089881235e+00 2.50535800922e+00 3.64259240323e+00 3.34727340089e+00
3.65505201690e+00 2.50535800922e+00 3.64674560779e+00 3.34727340089e+00
3.65920522146e+00 2.50535800922e+00 3.65089881235e+00 3.34727340089e+00
3.66335842602e+00 2.50535800922e+00 3.65505201690e+00 3.34727340089e+00
3.66751163058e+00 2.50535800922e+00 3.65920522146e+00 3.35514176903e+00
3.67166483514e+00 2.50535800922e+00 3.66335842602e+00 3.35514176903e+00
3.67581803970e+00 2.51322637737e+00 3.66751163058e+00 3.36301013718e+00
3.67997124426e+00 2.51322637737e+00 3.67166483514e+00 3.36301013718e+00
3.68412444882e+00 2.51322637737e+00 3.67581803970e+00 3.37087850533e+00
3.68827765338e+00 2.52109474551e+00 3.67997124426e+00 3.37874687347e+00
3.69243085794e+00 2.52109474551e+00 3.68412444882e+00 3.38661524162e+00
3.69658406250e+00 2.52896311366e+00 3.68827765338e+00 3.39448360976e+00
3.70073726706e+00 2.52896311366e+00 3.69243085794e+00 3.40235197791e+00
3.70489047162e+00 2.53683148181e+00 3.69658406250e+00 3.40235197791e+00
3.70904367618e+00 2.53683148181e+00 3.70073726706e+00 3.41022034606e+00
3.71319688074e+00 2.53683148181e+00 3.70489047162e+00 3.41808871420e+00
3.71735008529e+00 2.54469984995e+00 3.70904367618e+00 3.41808871420e+00
3.72150328985e+00 2.54469984995e+00 3.71319688074e+00 3.42595708235e+00
3.72565649441e+00 2.55256821810e+00 3.71735008529e+00 3.42595708235e+00
3.72980969897e+00 2.55256821810e+00 3.72150328985e+00 3.43382545050e+00
3.73396290353e+00 2.56830495439e+00 3.72565649441e+00 3.43382545050e+00
3.73811610809e+00 2.57617332254e+00 3.72980969897e+00 3.43382545050e+00
3.74226931265e+00 2.58404169069e+00 3.73396290353e+00 3.43382545050e+00
3.74642251721e+00 2.58404169069e+00 3.73811610809e+00 3.44169381864e+00
3.75057572177e+00 2.58404169069e+00 3.74226931265e+00 3.44956218679e+00
3.75472892633e+00 2.58404169069e+00 3.74642251721e+00 3.45743055494e+00
3.75888213089e+00 2.58404169069e+00 3.75057572177e+00 3.46529892308e+00
3.76303533545e+00 2.58404169069e+00 3.75472892633e+00 3.47316729123e+00
3.76718854001e+00 2.58404169069e+00 3.75888213089e+00 3.48103565938e+00
3.77134174457e+00 2.58404169069e+00 3.76303533545e+00 3.48890402752e+00
3.77549494913e+00 2.58404169069e+00 3.76718854001e+00 3.49677239567e+00
3.77964815369e+00 2.58404169069e+00 3.77134174457e+00 3.50464076381e+00
3.78380135824e+00 2.59977842698e+00 3.77549494913e+00 3.50464076381e+00
3.78795456280e+00 2.61551516327e+00 3.77964815369e+00 3.50464076381e+00
3.79210776736e+00 2.62338353142e+00 3.78380135824e+00 3.51250913196e+00
3.79626097192e+00 2.62338353142e+00 3.78795456280e+00 3.51250913196e+00
3.80041417648e+00 2.63125189956e+00 3.79210776736e+00 3.51250913196e+00
3.80456738104e+00 2.63125189956e+00 3.79626097192e+00 3.51250913196e+00
3.80872058560e+00 2.63125189956e+00 3.80041417648e+00 3.52037750011e+00
3.81287379016e+00 2.63125189956e+00 3.80456738104e+00 3.52037750011e+00
3.81702699472e+00 2.63912026771e+00 3.80872058560e+00 3.52824586825e+00
3.82118019928e+00 2.63912026771e+00 3.81287379016e+00 3.52824586825e+00
3.82533340384e+00 2.63912026771e+00 3.81702699472e+00 3.53611423640e+00
3.82948660840e+00 2.63912026771e+00 3.82118019928e+00 3.53611423640e+00
3.83363981296e+00 2.63912026771e+00 3.82533340384e+00 3.53611423640e+00
3.83779301752e+00 2.63912026771e+00 3.82948660840e+00 3.54398260455e+00
3.84194622208e+00 2.64698863586e+00 3.83363981296e+00 3.54398260455e+00
3.84609942664e+00 2.64698863586e+00 3.83779301752e+00 3.55185097269e+00
3.85025263119e+00 2.64698863586e+00 3.84194622208e+00 3.55185097269e+00
3.85440583575e+00 2.65485700400e+00 3.84609942664e+00 3.55185097269e+00
3.85855904031e+00 2.66272537215e+00 3.85025263119e+00 3.55971934084e+00
3.86271224487e+00 2.67059374030e+00 3.85440583575e+00 3.55971934084e+00
3.86686544943e+00 2.67846210844e+00 3.85855904031e+00 3.55971934084e+00
3.87101865399e+00 2.68633047659e+00 3.86271224487e+00 3.55971934084e+00
3.87517185855e+00 2.68633047659e+00 3.86686544943e+00 3.56758770899e+00
3.87932506311e+00 2.68633047659e+00 3.87101865399e+00 3.56758770899e+00
3.88347826767e+00 2.68633047659e+00 3.87517185855e+00 3.56758770899e+00
3.88763147223e+00 2.70206721288e+00 3.87932506311e+00 3.56758770899e+00
3.89178467679e+00 2.70993558103e+00 3.88347826767e+00 3.56758770899e+00
3.89593788135e+00 2.71780394917e+00 3.88763147223e+00 3.57545607713e+00
3.90009108591e+00 2.73354068547e+00 3.89178467679e+00 3.57545607713e+00
3.90424429047e+00 2.73354068547e+00 3.89593788135e+00 3.57545607713e+00
3.90839749503e+00 2.73354068547e+00 3.90009108591e+00 3.57545607713e+00
3.91255069958e+00 2.73354068547e+00 3.90424429047e+00 3.57545607713e+00
3.91670390414e+00 2.73354068547e+00 3.90839749503e+00 3.57545607713e+00
3.92085710870e+00 2.73354068547e+00 3.91255069958e+00 3.58332444528e+00
3.92501031326e+00 2.73354068547e+00 3.91670390414e+00 3.58332444528e+00
3.92916351782e+00 2.73354068547e+00 3.92085710870e+00 3.58332444528e+00
3.93331672238e+00 2.73354068547e+00 3.92501031326e+00 3.58332444528e+00
3.93746992694e+00 2.73354068547e+00 3.92916351782e+00 3.59119281342e+00
3.94162313150e+00 2.73354068547e+00 3.93331672238e+00 3.59119281342e+00
3.94577633606e+00 2.73354068547e+00 3.93746992694e+00 3.59119281342e+00
3.94992954062e+00 2.73354068547e+00 3.94162313150e+00 3.59119281342e+00
3.95408274518e+00 2.73354068547e+00 3.94577633606e+00 3.59119281342e+00
3.95823594974e+00 2.73354068547e+00 3.94992954062e+00 3.59906118157e+00
3.96238915430e+00 2.73354068547e+00 3.95408274518e+00 3.59906118157e+00
3.96654235886e+00 2.74140905361e+00 3.95823594974e+00 3.59906118157e+00
3.97069556342e+00 2.77288252620e+00 3.96238915430e+00 3.59906118157e+00
3.97484876798e+00 2.81222436693e+00 3.96654235886e+00 3.59906118157e+00
3.97900197253e+00 2.84369783952e+00 3.97069556342e+00 3.59906118157e+00
3.98315517709e+00 2.85943457581e+00 3.97484876798e+00 3.60692954972e+00
3.98730838165e+00 2.86730294396e+00 3.97900197253e+00 3.60692954972e+00
3.99146158621e+00 2.87517131210e+00 3.98315517709e+00 3.60692954972e+00
3.99561479077e+00 2.87517131210e+00 3.98730838165e+00 3.60692954972e+00
3.99976799533e+00 2.87517131210e+00 3.99146158621e+00 3.60692954972e+00
4.00392119989e+00 2.87517131210e+00 3.99561479077e+00 3.60692954972e+00
4.00807440445e+00 2.91451315283e+00 3.99976799533e+00 3.60692954972e+00
4.01222760901e+00 2.93811825727e+00 4.00392119989e+00 3.61479791786e+00
4.01638081357e+00 2.93811825727e+00 4.00807440445e+00 3.61479791786e+00
4.02053401813e+00 2.94598662542e+00 4.01222760901e+00 3.61479791786e+00
4.02468722269e+00 2.95385499357e+00 4.01638081357e+00 3.61479791786e+00
4.02884042725e+00 2.96172336171e+00 4.02053401813e+00 3.61479791786e+00
4.03299363181e+00 2.96959172986e+00 4.02468722269e+00 3.61479791786e+00
4.03714683637e+00 2.98532846615e+00 4.02884042725e+00 3.61479791786e+00
4.04130004092e+00 2.98532846615e+00 4.03299363181e+00 3.62266628601e+00
4.04545324548e+00 2.98532846615e+00 4.03714683637e+00 3.62266628601e+00
4.04960645004e+00 2.99319683430e+00 4.04130004092e+00 3.62266628601e+00
4.05375965460e+00 2.99319683430e+00 4.04545324548e+00 3.62266628601e+00
4.05791285916e+00 3.00893357059e+00 4.04960645004e+00 3.62266628601e+00
4.06206606372e+00 3.04040704318e+00 4.05375965460e+00 3.62266628601e+00
4.06621926828e+00 3.07188051576e+00 4.05791285916e+00 3.62266628601e+00
4.07037247284e+00 3.07974888391e+00 4.06206606372e+00 3.63053465416e+00
4.07452567740e+00 3.10335398835e+00 4.06621926828e+00 3.63053465416e+00
4.07867888196e+00 3.11909072464e+00 4.07037247284e+00 3.63053465416e+00
4.08283208652e+00 3.15056419723e+00 4.07452567740e+00 3.63053465416e+00
4.08698529108e+00 3.18203766981e+00 4.07867888196e+00 3.63053465416e+00
4.09113849564e+00 3.19777440610e+00 4.08283208652e+00 3.63053465416e+00
4.09529170020e+00 3.20564277425e+00 4.08698529108e+00 3.63840302230e+00
4.09944490476e+00 3.22137951054e+00 4.09113849564e+00 3.63840302230e+00
4.10359810932e+00 3.22924787869e+00 4.09529170020e+00 3.63840302230e+00
4.10775131387e+00 3.24498461498e+00 4.09944490476e+00 3.63840302230e+00
4.11190451843e+00 3.26072135128e+00 4.10359810932e+00 3.63840302230e+00
4.11605772299e+00 3.27645808757e+00 4.10775131387e+00 3.63840302230e+00
4.12021092755e+00 3.29219482386e+00 4.11190451843e+00 3.63840302230e+00
4.12436413211e+00 3.30793156015e+00 4.11605772299e+00 3.64627139045e+00
4.12851733667e+00 3.32366829645e+00 4.12021092755e+00 3.64627139045e+00
4.13267054123e+00 3.33940503274e+00 4.12436413211e+00 3.64627139045e+00
4.13682374579e+00 3.36301013718e+00 4.12851733667e+00 3.64627139045e+00
4.14097695035e+00 3.38661524162e+00 4.13267054123e+00 3.64627139045e+00
4.14513015491e+00 3.41808871420e+00 4.13682374579e+00 3.65413975860e+00
4.14928335947e+00 3.43382545050e+00 4.14097695035e+00 3.65413975860e+00
4.15343656403e+00 3.44169381864e+00 4.14513015491e+00 3.65413975860e+00
4.15758976859e+00 3.44956218679e+00 4.14928335947e+00 3.65413975860e+00
4.16174297315e+00 3.44956218679e+00 4.15343656403e+00 3.66200812674e+00
4.16589617771e+00 3.45743055494e+00 4.15758976859e+00 3.66200812674e+00
4.17004938227e+00 3.46529892308e+00 4.16174297315e+00 3.66987649489e+00
4.17420258682e+00 3.46529892308e+00 4.16589617771e+00 3.66987649489e+00
4.17835579138e+00 3.47316729123e+00 4.17004938227e+00 3.67774486304e+00
4.18250899594e+00 3.48103565938e+00 4.17420258682e+00 3.67774486304e+00
4.18666220050e+00 3.48103565938e+00 4.17835579138e+00 3.68561323118e+00
4.19081540506e+00 3.48890402752e+00 4.18250899594e+00 3.69348159933e+00
4.19496860962e+00 3.49677239567e+00 4.18666220050e+00 3.69348159933e+00
4.19912181418e+00 3.49677239567e+00 4.19081540506e+00 3.70134996747e+00
4.20327501874e+00 3.50464076381e+00 4.19496860962e+00 3.70134996747e+00
4.20742822330e+00 3.51250913196e+00 4.19912181418e+00 3.70921833562e+00
4.21158142786e+00 3.51250913196e+00 4.20327501874e+00 3.70921833562e+00
4.21573463242e+00 3.52037750011e+00 4.20742822330e+00 3.71708670377e+00
4.21988783698e+00 3.52824586825e+00 4.21158142786e+00 3.71708670377e+00
4.22404104154e+00 3.52824586825e+00 4.21573463242e+00 3.72495507191e+00
4.22819424610e+00 3.53611423640e+00 4.21988783698e+00 3.72495507191e+00
4.23234745066e+00 3.54398260455e+00 4.22404104154e+00 3.73282344006e+00
4.23650065521e+00 3.54398260455e+00 4.22819424610e+00 3.73282344006e+00
4.24065385977e+00 3.55185097269e+00 4.23234745066e+00 3.74069180821e+00
4.24480706433e+00 3.55971934084e+00 4.23650065521e+00 3.74856017635e+00
4.24896026889e+00 3.56758770899e+00 4.24065385977e+00 3.74856017635e+00
4.25311347345e+00 3.56758770899e+00 4.24480706433e+00 3.75642854450e+00
4.25726667801e+00 3.57545607713e+00 4.24896026889e+00 3.75642854450e+00
4.26141988257e+00 3.58332444528e+00 4.25311347345e+00 3.76429691265e+00
4.26557308713e+00 3.58332444528e+00 4.25726667801e+00 3.76429691265e+00
4.26972629169e+00 3.59119281342e+00 4.26141988257e+00 3.77216528079e+00
4.27387949625e+00 3.59906118157e+00 4.26557308713e+00 3.77216528079e+00
4.27803270081e+00 3.59906118157e+00 4.26972629169e+00 3.78003364894e+00
4.28218590537e+00 3.60692954972e+00 4.27387949625e+00 3.78003364894e+00
4.28633910993e+00 3.61479791786e+00 4.27803270081e+00 3.78790201708e+00
4.29049231449e+00 3.61479791786e+00 4.28218590537e+00 3.78790201708e+00
4.29464551905e+00 3.62266628601e+00 4.28633910993e+00 3.79577038523e+00
4.29879872361e+00 3.63053465416e+00 4.29049231449e+00 3.80363875338e+00
4.30295192816e+00 3.63053465416e+00 4.29464551905e+00 3.80363875338e+00
4.30710513272e+00 3.63840302230e+00 4.29879872361e+00 3.81150712152e+00
4.31125833728e+00 3.64627139045e+00 4.30295192816e+00 3.81150712152e+00
4.31541154184e+00 3.64627139045e+00 4.30710513272e+00 3.81937548967e+00
4.31956474640e+00 3.65413975860e+00 4.31125833728e+00 3.81937548967e+00
4.32371795096e+00 3.66200812674e+00 4.31541154184e+00 3.82724385782e+00
4.32787115552e+00 3.66200812674e+00 4.31956474640e+00 3.82724385782e+00
4.33202436008e+00 3.66987649489e+00 4.32371795096e+00 3.83511222596e+00
4.33617756464e+00 3.67774486304e+00 4.32787115552e+00 3.83511222596e+00
4.34033076920e+00 3.68561323118e+00 4.33202436008e+00 3.84298059411e+00
4.34448397376e+00 3.68561323118e+00 4.33617756464e+00 3.84298059411e+00
4.34863717832e+00 3.69348159933e+00 4.34033076920e+00 3.85084896226e+00
4.35279038288e+00 3.70134996747e+00 4.34448397376e+00 3.85871733040e+00
4.35694358744e+00 3.70134996747e+00 4.34863717832e+00 3.85871733040e+00
4.36109679200e+00 3.70921833562e+00 4.35279038288e+00 3.86658569855e+00
4.36524999655e+00 3.71708670377e+00 4.35694358744e+00 3.86658569855e+00
4.36940320111e+00 3.71708670377e+00 4.36109679200e+00 3.87445406670e+00
4.37355640567e+00 3.72495507191e+00 4.36524999655e+00 3.87445406670e+00
4.37770961023e+00 3.73282344006e+00 4.36940320111e+00 3.88232243484e+00
4.38186281479e+00 3.73282344006e+00 4.37355640567e+00 3.88232243484e+00
4.38601601935e+00 3.74069180821e+00 4.37770961023e+00 3.89019080299e+00
4.39016922391e+00 3.74856017635e+00 4.38186281479e+00 3.89019080299e+00
4.39432242847e+00 3.74856017635e+00 4.38601601935e+00 3.89805917113e+00
4.39847563303e+00 3.75642854450e+00 4.39016922391e+00 3.89805917113e+00
4.40262883759e+00 3.76429691265e+00 4.39432242847e+00 3.90592753928e+00
4.40678204215e+00 3.76429691265e+00 4.39847563303e+00 3.91379590743e+00
4.41093524671e+00 3.77216528079e+00 4.40262883759e+00 3.91379590743e+00
4.41508845127e+00 3.78003364894e+00 4.40678204215e+00 3.92166427557e+00
4.41924165583e+00 3.78003364894e+00 4.41093524671e+00 3.92166427557e+00
4.42339486039e+00 3.78790201708e+00 4.41508845127e+00 3.92953264372e+00
4.42754806495e+00 3.79577038523e+00 4.41924165583e+00 3.92953264372e+00
4.43170126950e+00 3.80363875338e+00 4.42339486039e+00 3.93740101187e+00
4.43585447406e+00 3.80363875338e+00 4.42754806495e+00 3.93740101187e+00
4.44000767862e+00 3.81150712152e+00 4.43170126950e+00 3.94526938001e+00
4.44416088318e+00 3.81937548967e+00 4.43585447406e+00 3.94526938001e+00
4.44831408774e+00 3.81937548967e+00 4.44000767862e+00 3.95313774816e+00
4.45246729230e+00 3.82724385782e+00 4.44416088318e+00 3.95313774816e+00
4.45662049686e+00 3.83511222596e+00 4.44831408774e+00 3.96100611631e+00
4.46077370142e+00 3.83511222596e+00 4.45246729230e+00 3.96887448445e+00
4.46492690598e+00 3.84298059411e+00 4.45662049686e+00 3.96887448445e+00
4.46908011054e+00 3.85084896226e+00 4.46077370142e+00 3.97674285260e+00
4.47323331510e+00 3.85084896226e+00 4.46492690598e+00 3.97674285260e+00
4.47738651966e+00 3.85871733040e+00 4.46908011054e+00 3.98461122074e+00
4.48153972422e+00 3.86658569855e+00 4.47323331510e+00 3.98461122074e+00
4.48569292878e+00 3.86658569855e+00 4.47738651966e+00 3.99247958889e+00
4.48984613334e+00 3.87445406670e+00 4.48153972422e+00 3.99247958889e+00
4.49399933790e+00 3.88232243484e+00 4.48569292878e+00 4.00034795704e+00
4.49815254245e+00 3.88232243484e+00 4.48984613334e+00 4.00034795704e+00
4.50230574701e+00 3.89019080299e+00 4.49399933790e+00 4.00821632518e+00
4.50645895157e+00 3.89805917113e+00 4.49815254245e+00 4.00821632518e+00
4.51061215613e+00 3.89805917113e+00 4.50230574701e+00 4.01608469333e+00
4.51476536069e+00 3.90592753928e+00 4.50645895157e+00 4.02395306148e+00
4.51891856525e+00 3.91379590743e+00 4.51061215613e+00 4.02395306148e+00
4.52307176981e+00 3.92166427557e+00 4.51476536069e+00 4.03182142962e+00
4.52722497437e+00 3.92166427557e+00 4.51891856525e+00 4.03182142962e+00
4.53137817893e+00 3.92953264372e+00 4.52307176981e+00 4.03968979777e+00
4.53553138349e+00 3.93740101187e+00 4.52722497437e+00 4.03968979777e+00
4.53968458805e+00 3.93740101187e+00 4.53137817893e+00 4.04755816592e+00
4.54383779261e+00 3.94526938001e+00 4.53553138349e+00 4.04755816592e+00
4.54799099717e+00 3.95313774816e+00 4.53968458805e+00 4.05542653406e+00
4.55214420173e+00 3.95313774816e+00 4.54383779261e+00 4.05542653406e+00
4.55629740629e+00 3.96100611631e+00 4.54799099717e+00 4.06329490221e+00
4.56045061084e+00 3.96887448445e+00 4.55214420173e+00 4.06329490221e+00
4.56460381540e+00 3.96887448445e+00 4.55629740629e+00 4.07116327036e+00
4.56875701996e+00 3.97674285260e+00 4.56045061084e+00 4.07903163850e+00
4.57291022452e+00 3.98461122074e+00 4.56460381540e+00 4.07903163850e+00
4.57706342908e+00 3.98461122074e+00 4.56875701996e+00 4.08690000665e+00
4.58121663364e+00 3.99247958889e+00 4.57291022452e+00 4.08690000665e+00
4.58536983820e+00 4.00034795704e+00 4.57706342908e+00 4.09476837479e+00
4.58952304276e+00 4.00034795704e+00 4.58121663364e+00 4.09476837479e+00
4.59367624732e+00 4.00821632518e+00 4.58536983820e+00 4.10263674294e+00
4.59782945188e+00 4.01608469333e+00 4.58952304276e+00 4.10263674294e+00
4.60198265644e+00 4.01608469333e+00 4.59367624732e+00 4.11050511109e+00
4.60613586100e+00 4.03182142962e+00 4.59782945188e+00 4.11050511109e+00
4.61028906556e+00 4.06329490221e+00 4.60198265644e+00 4.11837347923e+00
4.61444227012e+00 4.07903163850e+00 4.60613586100e+00 4.12624184738e+00
4.61859547468e+00 4.09476837479e+00 4.61028906556e+00 4.12624184738e+00
4.62274867924e+00 4.10263674294e+00 4.61444227012e+00 4.13411021553e+00
4.62690188379e+00 4.11050511109e+00 4.61859547468e+00 4.13411021553e+00
