1.07560801144e+01 1.00214592275e+00 1.36387696710e+01 1.00214592275e+00
1.07560801144e+01 1.00643776824e+00 1.36387696710e+01 1.00643776824e+00
1.07560801144e+01 1.01072961373e+00 1.36573676681e+01 1.01072961373e+00
1.07746781116e+01 1.01502145923e+00 1.36573676681e+01 1.01502145923e+00
1.07746781116e+01 1.01931330472e+00 1.36573676681e+01 1.01931330472e+00
1.07746781116e+01 1.02360515021e+00 1.36573676681e+01 1.02360515021e+00
1.07746781116e+01 1.02789699571e+00 1.36759656652e+01 1.02789699571e+00
1.07746781116e+01 1.03218884120e+00 1.36759656652e+01 1.03218884120e+00
1.07746781116e+01 1.03648068670e+00 1.36759656652e+01 1.03648068670e+00
1.07746781116e+01 1.04077253219e+00 1.36759656652e+01 1.04077253219e+00
1.07746781116e+01 1.04506437768e+00 1.36759656652e+01 1.04506437768e+00
1.07746781116e+01 1.04935622318e+00 1.36759656652e+01 1.04935622318e+00
1.07746781116e+01 1.05364806867e+00 1.36945636624e+01 1.05364806867e+00
1.07932761087e+01 1.05793991416e+00 1.36945636624e+01 1.05793991416e+00
1.07932761087e+01 1.06223175966e+00 1.36945636624e+01 1.06223175966e+00
1.07932761087e+01 1.06652360515e+00 1.36945636624e+01 1.06652360515e+00
1.07932761087e+01 1.07081545064e+00 1.36945636624e+01 1.07081545064e+00
1.07932761087e+01 1.07510729614e+00 1.36945636624e+01 1.07510729614e+00
1.07932761087e+01 1.07939914163e+00 1.36945636624e+01 1.07939914163e+00
1.07932761087e+01 1.08369098712e+00 1.36945636624e+01 1.08369098712e+00
1.07932761087e+01 1.08798283262e+00 1.36759656652e+01 1.08798283262e+00
1.07932761087e+01 1.09227467811e+00 1.36759656652e+01 1.09227467811e+00
1.08118741059e+01 1.09656652361e+00 1.36759656652e+01 1.09656652361e+00
1.08118741059e+01 1.10085836910e+00 1.36759656652e+01 1.10085836910e+00
1.08118741059e+01 1.10515021459e+00 1.36759656652e+01 1.10515021459e+00
1.08118741059e+01 1.10944206009e+00 1.36573676681e+01 1.10944206009e+00
1.08118741059e+01 1.11373390558e+00 1.36573676681e+01 1.11373390558e+00
1.08118741059e+01 1.11802575107e+00 1.36573676681e+01 1.11802575107e+00
1.08118741059e+01 1.12231759657e+00 1.36387696710e+01 1.12231759657e+00
1.08118741059e+01 1.12660944206e+00 1.36387696710e+01 1.12660944206e+00
1.08118741059e+01 1.13090128755e+00 1.36201716738e+01 1.13090128755e+00
1.08118741059e+01 1.13519313305e+00 1.36201716738e+01 1.13519313305e+00
1.08118741059e+01 1.13948497854e+00 1.36015736767e+01 1.13948497854e+00
1.08118741059e+01 1.14377682403e+00 1.36015736767e+01 1.14377682403e+00
1.08118741059e+01 1.14806866953e+00 1.35829756795e+01 1.14806866953e+00
1.08118741059e+01 1.15236051502e+00 1.35829756795e+01 1.15236051502e+00
1.08118741059e+01 1.15665236052e+00 1.35829756795e+01 1.15665236052e+00
1.08118741059e+01 1.16094420601e+00 1.35829756795e+01 1.16094420601e+00
1.08118741059e+01 1.16523605150e+00 1.35829756795e+01 1.16523605150e+00
1.08118741059e+01 1.16952789700e+00 1.35829756795e+01 1.16952789700e+00
1.08118741059e+01 1.17381974249e+00 1.35829756795e+01 1.17381974249e+00
1.08118741059e+01 1.17811158798e+00 1.35829756795e+01 1.17811158798e+00
1.08118741059e+01 1.18240343348e+00 1.35643776824e+01 1.18240343348e+00
1.08118741059e+01 1.18669527897e+00 1.35643776824e+01 1.18669527897e+00
1.08118741059e+01 1.19098712446e+00 1.35643776824e+01 1.19098712446e+00
1.08118741059e+01 1.19527896996e+00 1.35643776824e+01 1.19527896996e+00
1.08118741059e+01 1.19957081545e+00 1.35643776824e+01 1.19957081545e+00
1.08118741059e+01 1.20386266094e+00 1.35457796853e+01 1.20386266094e+00
1.08118741059e+01 1.20815450644e+00 1.35457796853e+01 1.20815450644e+00
1.08118741059e+01 1.21244635193e+00 1.35457796853e+01 1.21244635193e+00
1.08118741059e+01 1.21673819742e+00 1.35457796853e+01 1.21673819742e+00
1.08118741059e+01 1.22103004292e+00 1.35271816881e+01 1.22103004292e+00
1.08118741059e+01 1.22532188841e+00 1.35271816881e+01 1.22532188841e+00
1.08118741059e+01 1.22961373391e+00 1.35271816881e+01 1.22961373391e+00
1.08118741059e+01 1.23390557940e+00 1.35271816881e+01 1.23390557940e+00
1.08118741059e+01 1.23819742489e+00 1.35085836910e+01 1.23819742489e+00
1.08118741059e+01 1.24248927039e+00 1.35085836910e+01 1.24248927039e+00
1.08118741059e+01 1.24678111588e+00 1.35085836910e+01 1.24678111588e+00
1.08118741059e+01 1.25107296137e+00 1.34899856938e+01 1.25107296137e+00
1.08118741059e+01 1.25536480687e+00 1.34899856938e+01 1.25536480687e+00
1.08118741059e+01 1.25965665236e+00 1.34899856938e+01 1.25965665236e+00
1.08304721030e+01 1.26394849785e+00 1.34713876967e+01 1.26394849785e+00
1.08304721030e+01 1.26824034335e+00 1.34713876967e+01 1.26824034335e+00
1.08304721030e+01 1.27253218884e+00 1.34713876967e+01 1.27253218884e+00
1.08304721030e+01 1.27682403433e+00 1.34527896996e+01 1.27682403433e+00
1.08304721030e+01 1.28111587983e+00 1.34527896996e+01 1.28111587983e+00
1.08304721030e+01 1.28540772532e+00 1.34527896996e+01 1.28540772532e+00
1.08304721030e+01 1.28969957082e+00 1.34341917024e+01 1.28969957082e+00
1.08304721030e+01 1.29399141631e+00 1.34341917024e+01 1.29399141631e+00
1.08304721030e+01 1.29828326180e+00 1.34341917024e+01 1.29828326180e+00
1.08304721030e+01 1.30257510730e+00 1.34341917024e+01 1.30257510730e+00
1.08304721030e+01 1.30686695279e+00 1.34341917024e+01 1.30686695279e+00
1.08304721030e+01 1.31115879828e+00 1.34341917024e+01 1.31115879828e+00
1.08304721030e+01 1.31545064378e+00 1.34527896996e+01 1.31545064378e+00
1.08304721030e+01 1.31974248927e+00 1.34527896996e+01 1.31974248927e+00
1.08304721030e+01 1.32403433476e+00 1.34341917024e+01 1.32403433476e+00
1.08304721030e+01 1.32832618026e+00 1.34341917024e+01 1.32832618026e+00
1.08304721030e+01 1.33261802575e+00 1.34341917024e+01 1.33261802575e+00
1.08304721030e+01 1.33690987124e+00 1.34341917024e+01 1.33690987124e+00
1.08304721030e+01 1.34120171674e+00 1.34341917024e+01 1.34120171674e+00
1.08304721030e+01 1.34549356223e+00 1.34341917024e+01 1.34549356223e+00
1.08304721030e+01 1.34978540773e+00 1.34341917024e+01 1.34978540773e+00
1.08304721030e+01 1.35407725322e+00 1.34341917024e+01 1.35407725322e+00
1.08304721030e+01 1.35836909871e+00 1.34341917024e+01 1.35836909871e+00
1.08304721030e+01 1.36266094421e+00 1.34341917024e+01 1.36266094421e+00
1.08304721030e+01 1.36695278970e+00 1.34341917024e+01 1.36695278970e+00
1.08304721030e+01 1.37124463519e+00 1.34341917024e+01 1.37124463519e+00
1.08304721030e+01 1.37553648069e+00 1.34341917024e+01 1.37553648069e+00
1.08304721030e+01 1.37982832618e+00 1.34341917024e+01 1.37982832618e+00
1.08304721030e+01 1.38412017167e+00 1.34341917024e+01 1.38412017167e+00
1.08304721030e+01 1.38841201717e+00 1.34341917024e+01 1.38841201717e+00
1.08304721030e+01 1.39270386266e+00 1.34341917024e+01 1.39270386266e+00
1.08304721030e+01 1.39699570815e+00 1.34527896996e+01 1.39699570815e+00
1.08304721030e+01 1.40128755365e+00 1.34527896996e+01 1.40128755365e+00
1.08304721030e+01 1.40557939914e+00 1.34527896996e+01 1.40557939914e+00
1.08304721030e+01 1.40987124464e+00 1.34527896996e+01 1.40987124464e+00
1.08304721030e+01 1.41416309013e+00 1.34527896996e+01 1.41416309013e+00
1.08304721030e+01 1.41845493562e+00 1.34713876967e+01 1.41845493562e+00
1.08304721030e+01 1.42274678112e+00 1.34713876967e+01 1.42274678112e+00
1.08304721030e+01 1.42703862661e+00 1.34713876967e+01 1.42703862661e+00
1.08304721030e+01 1.43133047210e+00 1.34713876967e+01 1.43133047210e+00
1.08304721030e+01 1.43562231760e+00 1.34713876967e+01 1.43562231760e+00
1.08304721030e+01 1.43991416309e+00 1.34899856938e+01 1.43991416309e+00
1.08304721030e+01 1.44420600858e+00 1.34899856938e+01 1.44420600858e+00
1.08304721030e+01 1.44849785408e+00 1.34899856938e+01 1.44849785408e+00
1.08304721030e+01 1.45278969957e+00 1.35085836910e+01 1.45278969957e+00
1.08304721030e+01 1.45708154506e+00 1.35085836910e+01 1.45708154506e+00
1.08304721030e+01 1.46137339056e+00 1.35085836910e+01 1.46137339056e+00
1.08304721030e+01 1.46566523605e+00 1.35271816881e+01 1.46566523605e+00
1.08304721030e+01 1.46995708155e+00 1.35271816881e+01 1.46995708155e+00
1.08304721030e+01 1.47424892704e+00 1.35271816881e+01 1.47424892704e+00
1.08304721030e+01 1.47854077253e+00 1.35457796853e+01 1.47854077253e+00
1.08304721030e+01 1.48283261803e+00 1.35457796853e+01 1.48283261803e+00
1.08304721030e+01 1.48712446352e+00 1.35457796853e+01 1.48712446352e+00
1.08304721030e+01 1.49141630901e+00 1.35643776824e+01 1.49141630901e+00
1.08304721030e+01 1.49570815451e+00 1.35643776824e+01 1.49570815451e+00
1.08304721030e+01 1.50000000000e+00 1.35643776824e+01 1.50000000000e+00
1.08304721030e+01 1.50429184549e+00 1.35829756795e+01 1.50429184549e+00
1.08304721030e+01 1.50858369099e+00 1.35829756795e+01 1.50858369099e+00
1.08304721030e+01 1.51287553648e+00 1.35829756795e+01 1.51287553648e+00
1.08304721030e+01 1.51716738197e+00 1.36015736767e+01 1.51716738197e+00
1.08304721030e+01 1.52145922747e+00 1.36015736767e+01 1.52145922747e+00
1.08304721030e+01 1.52575107296e+00 1.36015736767e+01 1.52575107296e+00
1.08304721030e+01 1.53004291845e+00 1.36201716738e+01 1.53004291845e+00
1.08490701001e+01 1.53433476395e+00 1.36201716738e+01 1.53433476395e+00
1.08490701001e+01 1.53862660944e+00 1.36201716738e+01 1.53862660944e+00
1.08490701001e+01 1.54291845494e+00 1.36387696710e+01 1.54291845494e+00
1.08490701001e+01 1.54721030043e+00 1.36387696710e+01 1.54721030043e+00
1.08490701001e+01 1.55150214592e+00 1.36387696710e+01 1.55150214592e+00
1.08490701001e+01 1.55579399142e+00 1.36573676681e+01 1.55579399142e+00
1.08490701001e+01 1.56008583691e+00 1.36573676681e+01 1.56008583691e+00
1.08490701001e+01 1.56437768240e+00 1.36573676681e+01 1.56437768240e+00
1.08490701001e+01 1.56866952790e+00 1.36759656652e+01 1.56866952790e+00
1.08490701001e+01 1.57296137339e+00 1.36759656652e+01 1.57296137339e+00
1.08490701001e+01 1.57725321888e+00 1.36759656652e+01 1.57725321888e+00
1.08490701001e+01 1.58154506438e+00 1.36945636624e+01 1.58154506438e+00
1.08490701001e+01 1.58583690987e+00 1.36945636624e+01 1.58583690987e+00
1.08490701001e+01 1.59012875536e+00 1.36945636624e+01 1.59012875536e+00
1.08490701001e+01 1.59442060086e+00 1.37131616595e+01 1.59442060086e+00
1.08490701001e+01 1.59871244635e+00 1.37131616595e+01 1.59871244635e+00
1.08490701001e+01 1.60300429185e+00 1.37131616595e+01 1.60300429185e+00
1.08490701001e+01 1.60729613734e+00 1.37317596567e+01 1.60729613734e+00
1.08490701001e+01 1.61158798283e+00 1.37317596567e+01 1.61158798283e+00
1.08490701001e+01 1.61587982833e+00 1.37317596567e+01 1.61587982833e+00
1.08490701001e+01 1.62017167382e+00 1.37503576538e+01 1.62017167382e+00
1.08490701001e+01 1.62446351931e+00 1.37503576538e+01 1.62446351931e+00
1.08490701001e+01 1.62875536481e+00 1.37503576538e+01 1.62875536481e+00
1.08490701001e+01 1.63304721030e+00 1.37689556509e+01 1.63304721030e+00
1.08490701001e+01 1.63733905579e+00 1.37689556509e+01 1.63733905579e+00
1.08490701001e+01 1.64163090129e+00 1.37689556509e+01 1.64163090129e+00
1.08490701001e+01 1.64592274678e+00 1.37875536481e+01 1.64592274678e+00
1.08490701001e+01 1.65021459227e+00 1.37875536481e+01 1.65021459227e+00
1.08490701001e+01 1.65450643777e+00 1.37875536481e+01 1.65450643777e+00
1.08490701001e+01 1.65879828326e+00 1.38061516452e+01 1.65879828326e+00
1.08490701001e+01 1.66309012876e+00 1.38061516452e+01 1.66309012876e+00
1.08490701001e+01 1.66738197425e+00 1.38061516452e+01 1.66738197425e+00
1.08490701001e+01 1.67167381974e+00 1.38247496423e+01 1.67167381974e+00
1.08490701001e+01 1.67596566524e+00 1.38247496423e+01 1.67596566524e+00
1.08490701001e+01 1.68025751073e+00 1.38247496423e+01 1.68025751073e+00
1.08490701001e+01 1.68454935622e+00 1.38433476395e+01 1.68454935622e+00
1.08490701001e+01 1.68884120172e+00 1.38433476395e+01 1.68884120172e+00
1.08490701001e+01 1.69313304721e+00 1.38433476395e+01 1.69313304721e+00
1.08490701001e+01 1.69742489270e+00 1.38619456366e+01 1.69742489270e+00
1.08490701001e+01 1.70171673820e+00 1.38619456366e+01 1.70171673820e+00
1.08490701001e+01 1.70600858369e+00 1.38619456366e+01 1.70600858369e+00
1.08490701001e+01 1.71030042918e+00 1.38805436338e+01 1.71030042918e+00
1.08490701001e+01 1.71459227468e+00 1.38805436338e+01 1.71459227468e+00
1.08490701001e+01 1.71888412017e+00 1.38805436338e+01 1.71888412017e+00
1.08490701001e+01 1.72317596567e+00 1.38805436338e+01 1.72317596567e+00
1.08490701001e+01 1.72746781116e+00 1.38991416309e+01 1.72746781116e+00
1.08490701001e+01 1.73175965665e+00 1.38991416309e+01 1.73175965665e+00
1.08490701001e+01 1.73605150215e+00 1.38991416309e+01 1.73605150215e+00
1.08490701001e+01 1.74034334764e+00 1.39177396280e+01 1.74034334764e+00
1.08490701001e+01 1.74463519313e+00 1.39177396280e+01 1.74463519313e+00
1.08490701001e+01 1.74892703863e+00 1.39177396280e+01 1.74892703863e+00
1.08490701001e+01 1.75321888412e+00 1.39363376252e+01 1.75321888412e+00
1.08304721030e+01 1.75751072961e+00 1.39363376252e+01 1.75751072961e+00
1.08304721030e+01 1.76180257511e+00 1.39363376252e+01 1.76180257511e+00
1.08304721030e+01 1.76609442060e+00 1.39363376252e+01 1.76609442060e+00
1.08304721030e+01 1.77038626609e+00 1.39549356223e+01 1.77038626609e+00
1.08304721030e+01 1.77467811159e+00 1.39549356223e+01 1.77467811159e+00
1.08304721030e+01 1.77896995708e+00 1.39549356223e+01 1.77896995708e+00
1.08304721030e+01 1.78326180258e+00 1.39735336195e+01 1.78326180258e+00
1.08304721030e+01 1.78755364807e+00 1.39735336195e+01 1.78755364807e+00
1.08304721030e+01 1.79184549356e+00 1.39735336195e+01 1.79184549356e+00
1.08304721030e+01 1.79613733906e+00 1.39921316166e+01 1.79613733906e+00
1.08304721030e+01 1.80042918455e+00 1.39921316166e+01 1.80042918455e+00
1.08304721030e+01 1.80472103004e+00 1.39921316166e+01 1.80472103004e+00
1.08304721030e+01 1.80901287554e+00 1.39921316166e+01 1.80901287554e+00
1.08304721030e+01 1.81330472103e+00 1.40107296137e+01 1.81330472103e+00
1.08304721030e+01 1.81759656652e+00 1.40107296137e+01 1.81759656652e+00
1.08304721030e+01 1.82188841202e+00 1.40107296137e+01 1.82188841202e+00
1.08304721030e+01 1.82618025751e+00 1.40293276109e+01 1.82618025751e+00
1.08304721030e+01 1.83047210300e+00 1.40293276109e+01 1.83047210300e+00
1.08304721030e+01 1.83476394850e+00 1.40293276109e+01 1.83476394850e+00
1.08304721030e+01 1.83905579399e+00 1.40479256080e+01 1.83905579399e+00
1.08304721030e+01 1.84334763948e+00 1.40479256080e+01 1.84334763948e+00
1.08304721030e+01 1.84763948498e+00 1.40479256080e+01 1.84763948498e+00
1.08304721030e+01 1.85193133047e+00 1.40479256080e+01 1.85193133047e+00
1.08304721030e+01 1.85622317597e+00 1.40665236052e+01 1.85622317597e+00
1.08304721030e+01 1.86051502146e+00 1.40665236052e+01 1.86051502146e+00
1.08304721030e+01 1.86480686695e+00 1.40665236052e+01 1.86480686695e+00
1.08304721030e+01 1.86909871245e+00 1.40851216023e+01 1.86909871245e+00
1.08118741059e+01 1.87339055794e+00 1.40851216023e+01 1.87339055794e+00
1.08118741059e+01 1.87768240343e+00 1.40851216023e+01 1.87768240343e+00
1.08118741059e+01 1.88197424893e+00 1.40851216023e+01 1.88197424893e+00
1.08118741059e+01 1.88626609442e+00 1.41037195994e+01 1.88626609442e+00
1.08118741059e+01 1.89055793991e+00 1.41037195994e+01 1.89055793991e+00
1.08118741059e+01 1.89484978541e+00 1.41037195994e+01 1.89484978541e+00
1.08118741059e+01 1.89914163090e+00 1.41223175966e+01 1.89914163090e+00
1.08118741059e+01 1.90343347639e+00 1.41223175966e+01 1.90343347639e+00
1.08118741059e+01 1.90772532189e+00 1.41223175966e+01 1.90772532189e+00
1.08118741059e+01 1.91201716738e+00 1.41223175966e+01 1.91201716738e+00
1.08118741059e+01 1.91630901288e+00 1.41409155937e+01 1.91630901288e+00
1.07932761087e+01 1.92060085837e+00 1.41409155937e+01 1.92060085837e+00
1.07932761087e+01 1.92489270386e+00 1.41409155937e+01 1.92489270386e+00
1.07932761087e+01 1.92918454936e+00 1.41595135908e+01 1.92918454936e+00
1.07932761087e+01 1.93347639485e+00 1.41595135908e+01 1.93347639485e+00
1.07932761087e+01 1.93776824034e+00 1.41595135908e+01 1.93776824034e+00
1.07932761087e+01 1.94206008584e+00 1.41595135908e+01 1.94206008584e+00
1.07932761087e+01 1.94635193133e+00 1.41781115880e+01 1.94635193133e+00
1.07932761087e+01 1.95064377682e+00 1.41781115880e+01 1.95064377682e+00
1.07746781116e+01 1.95493562232e+00 1.41781115880e+01 1.95493562232e+00
1.07746781116e+01 1.95922746781e+00 1.41967095851e+01 1.95922746781e+00
1.07746781116e+01 1.96351931330e+00 1.41967095851e+01 1.96351931330e+00
1.07746781116e+01 1.96781115880e+00 1.41967095851e+01 1.96781115880e+00
1.07746781116e+01 1.97210300429e+00 1.41967095851e+01 1.97210300429e+00
1.07746781116e+01 1.97639484979e+00 1.42153075823e+01 1.97639484979e+00
1.07746781116e+01 1.98068669528e+00 1.42153075823e+01 1.98068669528e+00
1.07560801144e+01 1.98497854077e+00 1.42153075823e+01 1.98497854077e+00
1.07560801144e+01 1.98927038627e+00 1.42153075823e+01 1.98927038627e+00
1.07560801144e+01 1.99356223176e+00 1.42339055794e+01 1.99356223176e+00
1.07560801144e+01 1.99785407725e+00 1.42339055794e+01 1.99785407725e+00
1.07560801144e+01 2.00214592275e+00 1.42339055794e+01 2.00214592275e+00
1.07560801144e+01 2.00643776824e+00 1.42339055794e+01 2.00643776824e+00
1.07374821173e+01 2.01072961373e+00 1.42525035765e+01 2.01072961373e+00
1.07374821173e+01 2.01502145923e+00 1.42525035765e+01 2.01502145923e+00
1.07374821173e+01 2.01931330472e+00 1.42525035765e+01 2.01931330472e+00
1.07188841202e+01 2.02360515021e+00 1.42711015737e+01 2.02360515021e+00
1.07188841202e+01 2.02789699571e+00 1.42711015737e+01 2.02789699571e+00
1.07188841202e+01 2.03218884120e+00 1.42711015737e+01 2.03218884120e+00
1.07002861230e+01 2.03648068670e+00 1.42711015737e+01 2.03648068670e+00
1.07002861230e+01 2.04077253219e+00 1.42896995708e+01 2.04077253219e+00
1.07002861230e+01 2.04506437768e+00 1.42896995708e+01 2.04506437768e+00
1.06816881259e+01 2.04935622318e+00 1.42896995708e+01 2.04935622318e+00
1.06816881259e+01 2.05364806867e+00 1.42896995708e+01 2.05364806867e+00
1.06816881259e+01 2.05793991416e+00 1.43082975680e+01 2.05793991416e+00
1.06630901288e+01 2.06223175966e+00 1.43082975680e+01 2.06223175966e+00
1.06630901288e+01 2.06652360515e+00 1.43082975680e+01 2.06652360515e+00
1.06444921316e+01 2.07081545064e+00 1.43082975680e+01 2.07081545064e+00
1.06444921316e+01 2.07510729614e+00 1.43268955651e+01 2.07510729614e+00
1.06258941345e+01 2.07939914163e+00 1.43268955651e+01 2.07939914163e+00
1.06258941345e+01 2.08369098712e+00 1.43268955651e+01 2.08369098712e+00
1.06072961373e+01 2.08798283262e+00 1.43454935622e+01 2.08798283262e+00
1.06072961373e+01 2.09227467811e+00 1.43454935622e+01 2.09227467811e+00
1.05886981402e+01 2.09656652361e+00 1.43454935622e+01 2.09656652361e+00
1.05886981402e+01 2.10085836910e+00 1.43454935622e+01 2.10085836910e+00
1.05701001431e+01 2.10515021459e+00 1.43640915594e+01 2.10515021459e+00
1.05701001431e+01 2.10944206009e+00 1.43640915594e+01 2.10944206009e+00
1.05515021459e+01 2.11373390558e+00 1.43640915594e+01 2.11373390558e+00
1.05515021459e+01 2.11802575107e+00 1.43826895565e+01 2.11802575107e+00
1.05329041488e+01 2.12231759657e+00 1.43826895565e+01 2.12231759657e+00
1.05143061516e+01 2.12660944206e+00 1.43826895565e+01 2.12660944206e+00
1.05143061516e+01 2.13090128755e+00 1.43826895565e+01 2.13090128755e+00
1.04957081545e+01 2.13519313305e+00 1.44012875536e+01 2.13519313305e+00
1.04771101574e+01 2.13948497854e+00 1.44012875536e+01 2.13948497854e+00
1.04585121602e+01 2.14377682403e+00 1.44012875536e+01 2.14377682403e+00
1.04399141631e+01 2.14806866953e+00 1.44012875536e+01 2.14806866953e+00
1.04213161660e+01 2.15236051502e+00 1.44198855508e+01 2.15236051502e+00
1.04027181688e+01 2.15665236052e+00 1.44198855508e+01 2.15665236052e+00
1.03841201717e+01 2.16094420601e+00 1.44198855508e+01 2.16094420601e+00
1.03655221745e+01 2.16523605150e+00 1.44384835479e+01 2.16523605150e+00
1.03283261803e+01 2.16952789700e+00 1.44384835479e+01 2.16952789700e+00
1.02911301860e+01 2.17381974249e+00 1.44384835479e+01 2.17381974249e+00
1.01981402003e+01 2.17811158798e+00 1.44384835479e+01 2.17811158798e+00
1.01795422031e+01 2.18240343348e+00 1.44570815451e+01 2.18240343348e+00
1.02539341917e+01 2.18669527897e+00 1.44570815451e+01 2.18669527897e+00
1.02353361946e+01 2.19098712446e+00 1.44570815451e+01 2.19098712446e+00
1.02353361946e+01 2.19527896996e+00 1.44570815451e+01 2.19527896996e+00
1.02539341917e+01 2.19957081545e+00 1.44756795422e+01 2.19957081545e+00
1.03097281831e+01 2.20386266094e+00 1.44756795422e+01 2.20386266094e+00
1.03097281831e+01 2.20815450644e+00 1.44756795422e+01 2.20815450644e+00
1.02911301860e+01 2.21244635193e+00 1.44756795422e+01 2.21244635193e+00
1.03283261803e+01 2.21673819742e+00 1.44942775393e+01 2.21673819742e+00
1.02725321888e+01 2.22103004292e+00 1.44942775393e+01 2.22103004292e+00
1.02725321888e+01 2.22532188841e+00 1.44942775393e+01 2.22532188841e+00
1.04027181688e+01 2.22961373391e+00 1.44942775393e+01 2.22961373391e+00
1.03469241774e+01 2.23390557940e+00 1.45128755365e+01 2.23390557940e+00
1.01981402003e+01 2.23819742489e+00 1.45128755365e+01 2.23819742489e+00
1.03097281831e+01 2.24248927039e+00 1.45128755365e+01 2.24248927039e+00
1.03097281831e+01 2.24678111588e+00 1.45128755365e+01 2.24678111588e+00
1.02911301860e+01 2.25107296137e+00 1.45314735336e+01 2.25107296137e+00
1.03841201717e+01 2.25536480687e+00 1.45314735336e+01 2.25536480687e+00
1.04957081545e+01 2.25965665236e+00 1.45314735336e+01 2.25965665236e+00
1.03841201717e+01 2.26394849785e+00 1.45314735336e+01 2.26394849785e+00
1.04585121602e+01 2.26824034335e+00 1.45500715308e+01 2.26824034335e+00
1.04957081545e+01 2.27253218884e+00 1.45500715308e+01 2.27253218884e+00
1.04957081545e+01 2.27682403433e+00 1.45500715308e+01 2.27682403433e+00
1.06072961373e+01 2.28111587983e+00 1.45686695279e+01 2.28111587983e+00
1.05515021459e+01 2.28540772532e+00 1.45686695279e+01 2.28540772532e+00
1.04771101574e+01 2.28969957082e+00 1.45686695279e+01 2.28969957082e+00
1.04585121602e+01 2.29399141631e+00 1.45686695279e+01 2.29399141631e+00
1.07002861230e+01 2.29828326180e+00 1.45686695279e+01 2.29828326180e+00
1.06816881259e+01 2.30257510730e+00 1.45872675250e+01 2.30257510730e+00
1.06444921316e+01 2.30686695279e+00 1.45872675250e+01 2.30686695279e+00
1.07560801144e+01 2.31115879828e+00 1.45872675250e+01 2.31115879828e+00
1.07560801144e+01 2.31545064378e+00 1.45872675250e+01 2.31545064378e+00
1.06816881259e+01 2.31974248927e+00 1.46058655222e+01 2.31974248927e+00
1.07188841202e+01 2.32403433476e+00 1.46058655222e+01 2.32403433476e+00
1.07188841202e+01 2.32832618026e+00 1.46058655222e+01 2.32832618026e+00
1.06630901288e+01 2.33261802575e+00 1.46058655222e+01 2.33261802575e+00
1.08118741059e+01 2.33690987124e+00 1.46244635193e+01 2.33690987124e+00
1.08118741059e+01 2.34120171674e+00 1.46244635193e+01 2.34120171674e+00
1.08304721030e+01 2.34549356223e+00 1.46244635193e+01 2.34549356223e+00
1.08490701001e+01 2.34978540773e+00 1.46244635193e+01 2.34978540773e+00
1.07560801144e+01 2.35407725322e+00 1.46430615165e+01 2.35407725322e+00
1.08304721030e+01 2.35836909871e+00 1.46430615165e+01 2.35836909871e+00
1.08862660944e+01 2.36266094421e+00 1.46430615165e+01 2.36266094421e+00
1.09234620887e+01 2.36695278970e+00 1.46430615165e+01 2.36695278970e+00
1.09420600858e+01 2.37124463519e+00 1.46616595136e+01 2.37124463519e+00
1.09420600858e+01 2.37553648069e+00 1.46616595136e+01 2.37553648069e+00
1.09048640916e+01 2.37982832618e+00 1.46616595136e+01 2.37982832618e+00
1.08490701001e+01 2.38412017167e+00 1.46616595136e+01 2.38412017167e+00
1.08304721030e+01 2.38841201717e+00 1.46616595136e+01 2.38841201717e+00
1.10908440629e+01 2.39270386266e+00 1.46802575107e+01 2.39270386266e+00
1.09978540773e+01 2.39699570815e+00 1.46802575107e+01 2.39699570815e+00
1.10350500715e+01 2.40128755365e+00 1.46802575107e+01 2.40128755365e+00
1.10722460658e+01 2.40557939914e+00 1.46802575107e+01 2.40557939914e+00
1.10164520744e+01 2.40987124464e+00 1.46988555079e+01 2.40987124464e+00
1.10908440629e+01 2.41416309013e+00 1.46988555079e+01 2.41416309013e+00
1.10536480687e+01 2.41845493562e+00 1.46988555079e+01 2.41845493562e+00
1.09792560801e+01 2.42274678112e+00 1.46988555079e+01 2.42274678112e+00
1.12024320458e+01 2.42703862661e+00 1.46988555079e+01 2.42703862661e+00
1.10908440629e+01 2.43133047210e+00 1.47174535050e+01 2.43133047210e+00
1.12024320458e+01 2.43562231760e+00 1.47174535050e+01 2.43562231760e+00
1.12582260372e+01 2.43991416309e+00 1.47174535050e+01 2.43991416309e+00
1.12582260372e+01 2.44420600858e+00 1.47174535050e+01 2.44420600858e+00
1.13140200286e+01 2.44849785408e+00 1.47174535050e+01 2.44849785408e+00
1.13140200286e+01 2.45278969957e+00 1.47360515021e+01 2.45278969957e+00
1.12582260372e+01 2.45708154506e+00 1.47360515021e+01 2.45708154506e+00
1.12582260372e+01 2.46137339056e+00 1.47360515021e+01 2.46137339056e+00
1.12582260372e+01 2.46566523605e+00 1.47360515021e+01 2.46566523605e+00
1.12396280401e+01 2.46995708155e+00 1.47360515021e+01 2.46995708155e+00
1.14256080114e+01 2.47424892704e+00 1.47360515021e+01 2.47424892704e+00
1.14070100143e+01 2.47854077253e+00 1.47546494993e+01 2.47854077253e+00
1.13884120172e+01 2.48283261803e+00 1.47546494993e+01 2.48283261803e+00
1.13326180258e+01 2.48712446352e+00 1.47546494993e+01 2.48712446352e+00
1.14442060086e+01 2.49141630901e+00 1.47546494993e+01 2.49141630901e+00
1.13698140200e+01 2.49570815451e+00 1.47546494993e+01 2.49570815451e+00
1.13698140200e+01 2.50000000000e+00 1.47546494993e+01 2.50000000000e+00
1.14442060086e+01 2.50429184549e+00 1.47546494993e+01 2.50429184549e+00
1.15371959943e+01 2.50858369099e+00 1.47546494993e+01 2.50858369099e+00
1.14814020029e+01 2.51287553648e+00 1.47546494993e+01 2.51287553648e+00
1.14070100143e+01 2.51716738197e+00 1.47546494993e+01 2.51716738197e+00
1.15743919886e+01 2.52145922747e+00 1.47546494993e+01 2.52145922747e+00
1.15371959943e+01 2.52575107296e+00 1.47546494993e+01 2.52575107296e+00
1.15743919886e+01 2.53004291845e+00 1.47546494993e+01 2.53004291845e+00
1.15929899857e+01 2.53433476395e+00 1.47546494993e+01 2.53433476395e+00
1.16487839771e+01 2.53862660944e+00 1.47546494993e+01 2.53862660944e+00
1.16673819742e+01 2.54291845494e+00 1.47546494993e+01 2.54291845494e+00
1.17045779685e+01 2.54721030043e+00 1.47546494993e+01 2.54721030043e+00
1.16487839771e+01 2.55150214592e+00 1.47360515021e+01 2.55150214592e+00
1.16673819742e+01 2.55579399142e+00 1.47360515021e+01 2.55579399142e+00
1.16673819742e+01 2.56008583691e+00 1.47174535050e+01 2.56008583691e+00
1.16487839771e+01 2.56437768240e+00 1.47174535050e+01 2.56437768240e+00
1.16115879828e+01 2.56866952790e+00 1.47174535050e+01 2.56866952790e+00
1.15371959943e+01 2.57296137339e+00 1.47174535050e+01 2.57296137339e+00
1.17603719599e+01 2.57725321888e+00 1.47174535050e+01 2.57725321888e+00
1.17975679542e+01 2.58154506438e+00 1.47174535050e+01 2.58154506438e+00
1.17231759657e+01 2.58583690987e+00 1.47174535050e+01 2.58583690987e+00
1.16859799714e+01 2.59012875536e+00 1.47360515021e+01 2.59012875536e+00
1.18533619456e+01 2.59442060086e+00 1.47360515021e+01 2.59442060086e+00
1.17975679542e+01 2.59871244635e+00 1.47360515021e+01 2.59871244635e+00
1.18719599428e+01 2.60300429185e+00 1.47360515021e+01 2.60300429185e+00
1.18347639485e+01 2.60729613734e+00 1.47360515021e+01 2.60729613734e+00
1.20021459227e+01 2.61158798283e+00 1.47360515021e+01 2.61158798283e+00
1.19649499285e+01 2.61587982833e+00 1.47360515021e+01 2.61587982833e+00
1.19649499285e+01 2.62017167382e+00 1.47546494993e+01 2.62017167382e+00
1.19463519313e+01 2.62446351931e+00 1.47546494993e+01 2.62446351931e+00
1.20021459227e+01 2.62875536481e+00 1.47546494993e+01 2.62875536481e+00
1.19649499285e+01 2.63304721030e+00 1.47546494993e+01 2.63304721030e+00
1.19649499285e+01 2.63733905579e+00 1.47546494993e+01 2.63733905579e+00
1.19277539342e+01 2.64163090129e+00 1.47546494993e+01 2.64163090129e+00
1.19091559371e+01 2.64592274678e+00 1.47546494993e+01 2.64592274678e+00
1.18347639485e+01 2.65021459227e+00 1.47546494993e+01 2.65021459227e+00
1.18347639485e+01 2.65450643777e+00 1.47732474964e+01 2.65450643777e+00
1.20207439199e+01 2.65879828326e+00 1.47732474964e+01 2.65879828326e+00
1.20393419170e+01 2.66309012876e+00 1.47732474964e+01 2.66309012876e+00
1.22439198856e+01 2.66738197425e+00 1.47732474964e+01 2.66738197425e+00
1.21881258941e+01 2.67167381974e+00 1.47732474964e+01 2.67167381974e+00
1.20765379113e+01 2.67596566524e+00 1.47732474964e+01 2.67596566524e+00
1.21323319027e+01 2.68025751073e+00 1.47732474964e+01 2.68025751073e+00
1.20393419170e+01 2.68454935622e+00 1.47732474964e+01 2.68454935622e+00
1.22625178827e+01 2.68884120172e+00 1.47732474964e+01 2.68884120172e+00
1.23183118741e+01 2.69313304721e+00 1.47732474964e+01 2.69313304721e+00
1.22811158798e+01 2.69742489270e+00 1.47918454936e+01 2.69742489270e+00
1.22439198856e+01 2.70171673820e+00 1.47918454936e+01 2.70171673820e+00
1.23183118741e+01 2.70600858369e+00 1.47918454936e+01 2.70600858369e+00
1.22811158798e+01 2.71030042918e+00 1.47918454936e+01 2.71030042918e+00
1.24298998569e+01 2.71459227468e+00 1.47918454936e+01 2.71459227468e+00
1.24484978541e+01 2.71888412017e+00 1.47918454936e+01 2.71888412017e+00
1.24298998569e+01 2.72317596567e+00 1.47918454936e+01 2.72317596567e+00
1.24113018598e+01 2.72746781116e+00 1.47918454936e+01 2.72746781116e+00
1.23741058655e+01 2.73175965665e+00 1.47918454936e+01 2.73175965665e+00
1.23369098712e+01 2.73605150215e+00 1.47918454936e+01 2.73605150215e+00
1.22625178827e+01 2.74034334764e+00 1.47918454936e+01 2.74034334764e+00
1.23927038627e+01 2.74463519313e+00 1.48104434907e+01 2.74463519313e+00
1.23741058655e+01 2.74892703863e+00 1.48104434907e+01 2.74892703863e+00
1.25786838340e+01 2.75321888412e+00 1.48104434907e+01 2.75321888412e+00
1.25600858369e+01 2.75751072961e+00 1.48104434907e+01 2.75751072961e+00
1.25414878398e+01 2.76180257511e+00 1.48104434907e+01 2.76180257511e+00
1.25972818312e+01 2.76609442060e+00 1.48104434907e+01 2.76609442060e+00
1.26344778255e+01 2.77038626609e+00 1.48104434907e+01 2.77038626609e+00
1.25786838340e+01 2.77467811159e+00 1.48104434907e+01 2.77467811159e+00
1.25414878398e+01 2.77896995708e+00 1.48104434907e+01 2.77896995708e+00
1.26716738197e+01 2.78326180258e+00 1.48104434907e+01 2.78326180258e+00
1.26902718169e+01 2.78755364807e+00 1.48104434907e+01 2.78755364807e+00
1.26716738197e+01 2.79184549356e+00 1.48104434907e+01 2.79184549356e+00
1.26344778255e+01 2.79613733906e+00 1.48290414878e+01 2.79613733906e+00
1.25972818312e+01 2.80042918455e+00 1.48290414878e+01 2.80042918455e+00
1.27088698140e+01 2.80472103004e+00 1.48290414878e+01 2.80472103004e+00
1.27832618026e+01 2.80901287554e+00 1.48290414878e+01 2.80901287554e+00
1.28576537911e+01 2.81330472103e+00 1.48290414878e+01 2.81330472103e+00
1.28018597997e+01 2.81759656652e+00 1.48290414878e+01 2.81759656652e+00
1.27832618026e+01 2.82188841202e+00 1.48290414878e+01 2.82188841202e+00
1.28948497854e+01 2.82618025751e+00 1.48290414878e+01 2.82618025751e+00
1.28762517883e+01 2.83047210300e+00 1.48290414878e+01 2.83047210300e+00
1.29134477825e+01 2.83476394850e+00 1.48290414878e+01 2.83476394850e+00
1.28390557940e+01 2.83905579399e+00 1.48290414878e+01 2.83905579399e+00
1.28762517883e+01 2.84334763948e+00 1.48290414878e+01 2.84334763948e+00
1.29134477825e+01 2.84763948498e+00 1.48290414878e+01 2.84763948498e+00
1.28948497854e+01 2.85193133047e+00 1.48290414878e+01 2.85193133047e+00
1.28576537911e+01 2.85622317597e+00 1.48290414878e+01 2.85622317597e+00
1.28390557940e+01 2.86051502146e+00 1.48290414878e+01 2.86051502146e+00
1.29320457797e+01 2.86480686695e+00 1.48290414878e+01 2.86480686695e+00
1.30250357654e+01 2.86909871245e+00 1.48290414878e+01 2.86909871245e+00
1.30064377682e+01 2.87339055794e+00 1.48290414878e+01 2.87339055794e+00
1.30436337625e+01 2.87768240343e+00 1.48290414878e+01 2.87768240343e+00
1.29320457797e+01 2.88197424893e+00 1.48290414878e+01 2.88197424893e+00
1.30064377682e+01 2.88626609442e+00 1.48290414878e+01 2.88626609442e+00
1.29134477825e+01 2.89055793991e+00 1.48290414878e+01 2.89055793991e+00
1.29134477825e+01 2.89484978541e+00 1.48290414878e+01 2.89484978541e+00
1.31366237482e+01 2.89914163090e+00 1.48290414878e+01 2.89914163090e+00
1.31552217454e+01 2.90343347639e+00 1.48290414878e+01 2.90343347639e+00
1.31180257511e+01 2.90772532189e+00 1.48290414878e+01 2.90772532189e+00
1.32296137339e+01 2.91201716738e+00 1.48290414878e+01 2.91201716738e+00
1.32110157368e+01 2.91630901288e+00 1.48290414878e+01 2.91630901288e+00
1.32296137339e+01 2.92060085837e+00 1.48290414878e+01 2.92060085837e+00
1.31924177396e+01 2.92489270386e+00 1.48290414878e+01 2.92489270386e+00
1.32482117310e+01 2.92918454936e+00 1.48290414878e+01 2.92918454936e+00
1.32296137339e+01 2.93347639485e+00 1.48290414878e+01 2.93347639485e+00
1.32110157368e+01 2.93776824034e+00 1.48290414878e+01 2.93776824034e+00
1.31738197425e+01 2.94206008584e+00 1.48290414878e+01 2.94206008584e+00
1.31366237482e+01 2.94635193133e+00 1.48290414878e+01 2.94635193133e+00
1.33226037196e+01 2.95064377682e+00 1.48104434907e+01 2.95064377682e+00
1.32668097282e+01 2.95493562232e+00 1.48104434907e+01 2.95493562232e+00
1.33969957082e+01 2.95922746781e+00 1.48104434907e+01 2.95922746781e+00
1.34527896996e+01 2.96351931330e+00 1.48104434907e+01 2.96351931330e+00
1.33597997139e+01 2.96781115880e+00 1.48104434907e+01 2.96781115880e+00
1.34341917024e+01 2.97210300429e+00 1.48104434907e+01 2.97210300429e+00
1.34341917024e+01 2.97639484979e+00 1.48104434907e+01 2.97639484979e+00
1.33969957082e+01 2.98068669528e+00 1.48104434907e+01 2.98068669528e+00
1.33783977110e+01 2.98497854077e+00 1.48104434907e+01 2.98497854077e+00
1.33040057225e+01 2.98927038627e+00 1.48104434907e+01 2.98927038627e+00
1.33040057225e+01 2.99356223176e+00 1.48104434907e+01 2.99356223176e+00
1.35643776824e+01 2.99785407725e+00 1.48104434907e+01 2.99785407725e+00
1.36201716738e+01 3.00214592275e+00 1.47918454936e+01 3.00214592275e+00
1.36573676681e+01 3.00643776824e+00 1.47918454936e+01 3.00643776824e+00
1.36573676681e+01 3.01072961373e+00 1.47918454936e+01 3.01072961373e+00
1.36387696710e+01 3.01502145923e+00 1.47918454936e+01 3.01502145923e+00
1.35829756795e+01 3.01931330472e+00 1.47918454936e+01 3.01931330472e+00
1.35643776824e+01 3.02360515021e+00 1.47732474964e+01 3.02360515021e+00
1.36573676681e+01 3.02789699571e+00 1.47732474964e+01 3.02789699571e+00
1.35829756795e+01 3.03218884120e+00 1.47732474964e+01 3.03218884120e+00
1.36945636624e+01 3.03648068670e+00 1.47732474964e+01 3.03648068670e+00
1.36759656652e+01 3.04077253219e+00 1.47732474964e+01 3.04077253219e+00
1.36201716738e+01 3.04506437768e+00 1.47546494993e+01 3.04506437768e+00
1.36573676681e+01 3.04935622318e+00 1.47546494993e+01 3.04935622318e+00
1.35829756795e+01 3.05364806867e+00 1.47546494993e+01 3.05364806867e+00
1.37875536481e+01 3.05793991416e+00 1.47546494993e+01 3.05793991416e+00
1.37689556509e+01 3.06223175966e+00 1.47360515021e+01 3.06223175966e+00
1.39549356223e+01 3.06652360515e+00 1.47360515021e+01 3.06652360515e+00
1.39363376252e+01 3.07081545064e+00 1.47360515021e+01 3.07081545064e+00
1.40479256080e+01 3.07510729614e+00 1.47174535050e+01 3.07510729614e+00
1.40293276109e+01 3.07939914163e+00 1.47174535050e+01 3.07939914163e+00
1.39921316166e+01 3.08369098712e+00 1.46988555079e+01 3.08369098712e+00
1.39921316166e+01 3.08798283262e+00 1.46988555079e+01 3.08798283262e+00
1.39363376252e+01 3.09227467811e+00 1.46802575107e+01 3.09227467811e+00
1.38619456366e+01 3.09656652361e+00 1.46802575107e+01 3.09656652361e+00
1.39735336195e+01 3.10085836910e+00 1.46616595136e+01 3.10085836910e+00
1.39363376252e+01 3.10515021459e+00 1.46616595136e+01 3.10515021459e+00
1.38805436338e+01 3.10944206009e+00 1.46430615165e+01 3.10944206009e+00
1.37875536481e+01 3.11373390558e+00 1.46244635193e+01 3.11373390558e+00
1.37503576538e+01 3.11802575107e+00 1.46058655222e+01 3.11802575107e+00
1.42525035765e+01 3.12231759657e+00 1.45872675250e+01 3.12231759657e+00
1.42525035765e+01 3.12660944206e+00 1.45686695279e+01 3.12660944206e+00
1.44384835479e+01 3.13090128755e+00 1.45314735336e+01 3.13090128755e+00
