1.12904148784e+01 5.02503576538e-01 1.31216022890e+01 5.02503576538e-01
1.12675250358e+01 5.07510729614e-01 1.31216022890e+01 5.07510729614e-01
1.12675250358e+01 5.12517882690e-01 1.31216022890e+01 5.12517882690e-01
1.12446351931e+01 5.17525035765e-01 1.30987124464e+01 5.17525035765e-01
1.12217453505e+01 5.22532188841e-01 1.30987124464e+01 5.22532188841e-01
1.12217453505e+01 5.27539341917e-01 1.30987124464e+01 5.27539341917e-01
1.11988555079e+01 5.32546494993e-01 1.30987124464e+01 5.32546494993e-01
1.11988555079e+01 5.37553648069e-01 1.30987124464e+01 5.37553648069e-01
1.11988555079e+01 5.42560801144e-01 1.30987124464e+01 5.42560801144e-01
1.11759656652e+01 5.47567954220e-01 1.30987124464e+01 5.47567954220e-01
1.11759656652e+01 5.52575107296e-01 1.30987124464e+01 5.52575107296e-01
1.11759656652e+01 5.57582260372e-01 1.30758226037e+01 5.57582260372e-01
1.11759656652e+01 5.62589413448e-01 1.30758226037e+01 5.62589413448e-01
1.11530758226e+01 5.67596566524e-01 1.30758226037e+01 5.67596566524e-01
1.11530758226e+01 5.72603719599e-01 1.30758226037e+01 5.72603719599e-01
1.11530758226e+01 5.77610872675e-01 1.30758226037e+01 5.77610872675e-01
1.11301859800e+01 5.82618025751e-01 1.30758226037e+01 5.82618025751e-01
1.11301859800e+01 5.87625178827e-01 1.30758226037e+01 5.87625178827e-01
1.11301859800e+01 5.92632331903e-01 1.30758226037e+01 5.92632331903e-01
1.11301859800e+01 5.97639484979e-01 1.30758226037e+01 5.97639484979e-01
1.11301859800e+01 6.02646638054e-01 1.30758226037e+01 6.02646638054e-01
1.11072961373e+01 6.07653791130e-01 1.30758226037e+01 6.07653791130e-01
1.11072961373e+01 6.12660944206e-01 1.30758226037e+01 6.12660944206e-01
1.11072961373e+01 6.17668097282e-01 1.30758226037e+01 6.17668097282e-01
1.11072961373e+01 6.22675250358e-01 1.30758226037e+01 6.22675250358e-01
1.11072961373e+01 6.27682403433e-01 1.30758226037e+01 6.27682403433e-01
1.11072961373e+01 6.32689556509e-01 1.30758226037e+01 6.32689556509e-01
1.10844062947e+01 6.37696709585e-01 1.30758226037e+01 6.37696709585e-01
1.10844062947e+01 6.42703862661e-01 1.30758226037e+01 6.42703862661e-01
1.10844062947e+01 6.47711015737e-01 1.30758226037e+01 6.47711015737e-01
1.10844062947e+01 6.52718168813e-01 1.30758226037e+01 6.52718168813e-01
1.10844062947e+01 6.57725321888e-01 1.30758226037e+01 6.57725321888e-01
1.10844062947e+01 6.62732474964e-01 1.30758226037e+01 6.62732474964e-01
1.10844062947e+01 6.67739628040e-01 1.30758226037e+01 6.67739628040e-01
1.10615164521e+01 6.72746781116e-01 1.30758226037e+01 6.72746781116e-01
1.10615164521e+01 6.77753934192e-01 1.30758226037e+01 6.77753934192e-01
1.10615164521e+01 6.82761087268e-01 1.30758226037e+01 6.82761087268e-01
1.10615164521e+01 6.87768240343e-01 1.30758226037e+01 6.87768240343e-01
1.10615164521e+01 6.92775393419e-01 1.30987124464e+01 6.92775393419e-01
1.10615164521e+01 6.97782546495e-01 1.30987124464e+01 6.97782546495e-01
1.10615164521e+01 7.02789699571e-01 1.30987124464e+01 7.02789699571e-01
1.10615164521e+01 7.07796852647e-01 1.30987124464e+01 7.07796852647e-01
1.10615164521e+01 7.12804005722e-01 1.30987124464e+01 7.12804005722e-01
1.10615164521e+01 7.17811158798e-01 1.30987124464e+01 7.17811158798e-01
1.10386266094e+01 7.22818311874e-01 1.30987124464e+01 7.22818311874e-01
1.10386266094e+01 7.27825464950e-01 1.30987124464e+01 7.27825464950e-01
1.10386266094e+01 7.32832618026e-01 1.30987124464e+01 7.32832618026e-01
1.10386266094e+01 7.37839771102e-01 1.30987124464e+01 7.37839771102e-01
1.10386266094e+01 7.42846924177e-01 1.30987124464e+01 7.42846924177e-01
1.10386266094e+01 7.47854077253e-01 1.30987124464e+01 7.47854077253e-01
1.10386266094e+01 7.52861230329e-01 1.30987124464e+01 7.52861230329e-01
1.10386266094e+01 7.57868383405e-01 1.31216022890e+01 7.57868383405e-01
1.10386266094e+01 7.62875536481e-01 1.31216022890e+01 7.62875536481e-01
1.10386266094e+01 7.67882689557e-01 1.31216022890e+01 7.67882689557e-01
1.10386266094e+01 7.72889842632e-01 1.31216022890e+01 7.72889842632e-01
1.10386266094e+01 7.77896995708e-01 1.31444921316e+01 7.77896995708e-01
1.10386266094e+01 7.82904148784e-01 1.31444921316e+01 7.82904148784e-01
1.10386266094e+01 7.87911301860e-01 1.31444921316e+01 7.87911301860e-01
1.10386266094e+01 7.92918454936e-01 1.31673819742e+01 7.92918454936e-01
1.10386266094e+01 7.97925608011e-01 1.31673819742e+01 7.97925608011e-01
1.10386266094e+01 8.02932761087e-01 1.31673819742e+01 8.02932761087e-01
1.10386266094e+01 8.07939914163e-01 1.31673819742e+01 8.07939914163e-01
1.10386266094e+01 8.12947067239e-01 1.31902718169e+01 8.12947067239e-01
1.10386266094e+01 8.17954220315e-01 1.31902718169e+01 8.17954220315e-01
1.10386266094e+01 8.22961373391e-01 1.31902718169e+01 8.22961373391e-01
1.10386266094e+01 8.27968526466e-01 1.32131616595e+01 8.27968526466e-01
1.10615164521e+01 8.32975679542e-01 1.32131616595e+01 8.32975679542e-01
1.10615164521e+01 8.37982832618e-01 1.32131616595e+01 8.37982832618e-01
1.10615164521e+01 8.42989985694e-01 1.32131616595e+01 8.42989985694e-01
1.10615164521e+01 8.47997138770e-01 1.32360515021e+01 8.47997138770e-01
1.10615164521e+01 8.53004291845e-01 1.32360515021e+01 8.53004291845e-01
1.10615164521e+01 8.58011444921e-01 1.32360515021e+01 8.58011444921e-01
1.10615164521e+01 8.63018597997e-01 1.32360515021e+01 8.63018597997e-01
1.10615164521e+01 8.68025751073e-01 1.32589413448e+01 8.68025751073e-01
1.10615164521e+01 8.73032904149e-01 1.32589413448e+01 8.73032904149e-01
1.10615164521e+01 8.78040057225e-01 1.32589413448e+01 8.78040057225e-01
1.10615164521e+01 8.83047210300e-01 1.32589413448e+01 8.83047210300e-01
1.10615164521e+01 8.88054363376e-01 1.32589413448e+01 8.88054363376e-01
1.10615164521e+01 8.93061516452e-01 1.32818311874e+01 8.93061516452e-01
1.10615164521e+01 8.98068669528e-01 1.32818311874e+01 8.98068669528e-01
1.10844062947e+01 9.03075822604e-01 1.32818311874e+01 9.03075822604e-01
1.10844062947e+01 9.08082975680e-01 1.32818311874e+01 9.08082975680e-01
1.10844062947e+01 9.13090128755e-01 1.32818311874e+01 9.13090128755e-01
1.10844062947e+01 9.18097281831e-01 1.32818311874e+01 9.18097281831e-01
1.10844062947e+01 9.23104434907e-01 1.32818311874e+01 9.23104434907e-01
1.10844062947e+01 9.28111587983e-01 1.32818311874e+01 9.28111587983e-01
1.10844062947e+01 9.33118741059e-01 1.33047210300e+01 9.33118741059e-01
1.10844062947e+01 9.38125894134e-01 1.33047210300e+01 9.38125894134e-01
1.11072961373e+01 9.43133047210e-01 1.33047210300e+01 9.43133047210e-01
1.11072961373e+01 9.48140200286e-01 1.33047210300e+01 9.48140200286e-01
1.11072961373e+01 9.53147353362e-01 1.33047210300e+01 9.53147353362e-01
1.11072961373e+01 9.58154506438e-01 1.33047210300e+01 9.58154506438e-01
1.11072961373e+01 9.63161659514e-01 1.33047210300e+01 9.63161659514e-01
1.11072961373e+01 9.68168812589e-01 1.33047210300e+01 9.68168812589e-01
1.11072961373e+01 9.73175965665e-01 1.33047210300e+01 9.73175965665e-01
1.11301859800e+01 9.78183118741e-01 1.33047210300e+01 9.78183118741e-01
1.11301859800e+01 9.83190271817e-01 1.33047210300e+01 9.83190271817e-01
1.11301859800e+01 9.88197424893e-01 1.32818311874e+01 9.88197424893e-01
1.11301859800e+01 9.93204577969e-01 1.32818311874e+01 9.93204577969e-01
1.11301859800e+01 9.98211731044e-01 1.32818311874e+01 9.98211731044e-01
1.11301859800e+01 1.00321888412e+00 1.32818311874e+01 1.00321888412e+00
1.11301859800e+01 1.00822603720e+00 1.32818311874e+01 1.00822603720e+00
1.11530758226e+01 1.01323319027e+00 1.32818311874e+01 1.01323319027e+00
1.11530758226e+01 1.01824034335e+00 1.32589413448e+01 1.01824034335e+00
1.11530758226e+01 1.02324749642e+00 1.32589413448e+01 1.02324749642e+00
1.11530758226e+01 1.02825464950e+00 1.32589413448e+01 1.02825464950e+00
1.11530758226e+01 1.03326180258e+00 1.32589413448e+01 1.03326180258e+00
1.11530758226e+01 1.03826895565e+00 1.32589413448e+01 1.03826895565e+00
1.11759656652e+01 1.04327610873e+00 1.32360515021e+01 1.04327610873e+00
1.11759656652e+01 1.04828326180e+00 1.32360515021e+01 1.04828326180e+00
1.11759656652e+01 1.05329041488e+00 1.32360515021e+01 1.05329041488e+00
1.11759656652e+01 1.05829756795e+00 1.32360515021e+01 1.05829756795e+00
1.11759656652e+01 1.06330472103e+00 1.32360515021e+01 1.06330472103e+00
1.11759656652e+01 1.06831187411e+00 1.32131616595e+01 1.06831187411e+00
1.11759656652e+01 1.07331902718e+00 1.32131616595e+01 1.07331902718e+00
1.11988555079e+01 1.07832618026e+00 1.32131616595e+01 1.07832618026e+00
1.11988555079e+01 1.08333333333e+00 1.32131616595e+01 1.08333333333e+00
1.11988555079e+01 1.08834048641e+00 1.31902718169e+01 1.08834048641e+00
1.11988555079e+01 1.09334763948e+00 1.31902718169e+01 1.09334763948e+00
1.11988555079e+01 1.09835479256e+00 1.31902718169e+01 1.09835479256e+00
1.11988555079e+01 1.10336194564e+00 1.31902718169e+01 1.10336194564e+00
1.12217453505e+01 1.10836909871e+00 1.31902718169e+01 1.10836909871e+00
1.12217453505e+01 1.11337625179e+00 1.31902718169e+01 1.11337625179e+00
1.12217453505e+01 1.11838340486e+00 1.31902718169e+01 1.11838340486e+00
1.12217453505e+01 1.12339055794e+00 1.31902718169e+01 1.12339055794e+00
1.12217453505e+01 1.12839771102e+00 1.31902718169e+01 1.12839771102e+00
1.12446351931e+01 1.13340486409e+00 1.31902718169e+01 1.13340486409e+00
1.12446351931e+01 1.13841201717e+00 1.31902718169e+01 1.13841201717e+00
1.12446351931e+01 1.14341917024e+00 1.31902718169e+01 1.14341917024e+00
1.12446351931e+01 1.14842632332e+00 1.31902718169e+01 1.14842632332e+00
1.12446351931e+01 1.15343347639e+00 1.32131616595e+01 1.15343347639e+00
1.12446351931e+01 1.15844062947e+00 1.32131616595e+01 1.15844062947e+00
1.12675250358e+01 1.16344778255e+00 1.32131616595e+01 1.16344778255e+00
1.12675250358e+01 1.16845493562e+00 1.32131616595e+01 1.16845493562e+00
1.12675250358e+01 1.17346208870e+00 1.32131616595e+01 1.17346208870e+00
1.12675250358e+01 1.17846924177e+00 1.32131616595e+01 1.17846924177e+00
1.12675250358e+01 1.18347639485e+00 1.32131616595e+01 1.18347639485e+00
1.12904148784e+01 1.18848354793e+00 1.32131616595e+01 1.18848354793e+00
1.12904148784e+01 1.19349070100e+00 1.32131616595e+01 1.19349070100e+00
1.12904148784e+01 1.19849785408e+00 1.32131616595e+01 1.19849785408e+00
1.12904148784e+01 1.20350500715e+00 1.32131616595e+01 1.20350500715e+00
1.12904148784e+01 1.20851216023e+00 1.32131616595e+01 1.20851216023e+00
1.12904148784e+01 1.21351931330e+00 1.32360515021e+01 1.21351931330e+00
1.13133047210e+01 1.21852646638e+00 1.32360515021e+01 1.21852646638e+00
1.13133047210e+01 1.22353361946e+00 1.32360515021e+01 1.22353361946e+00
1.13133047210e+01 1.22854077253e+00 1.32360515021e+01 1.22854077253e+00
1.13133047210e+01 1.23354792561e+00 1.32360515021e+01 1.23354792561e+00
1.13133047210e+01 1.23855507868e+00 1.32360515021e+01 1.23855507868e+00
1.13361945637e+01 1.24356223176e+00 1.32360515021e+01 1.24356223176e+00
1.13361945637e+01 1.24856938484e+00 1.32360515021e+01 1.24856938484e+00
1.13361945637e+01 1.25357653791e+00 1.32589413448e+01 1.25357653791e+00
1.13361945637e+01 1.25858369099e+00 1.32589413448e+01 1.25858369099e+00
1.13361945637e+01 1.26359084406e+00 1.32589413448e+01 1.26359084406e+00
1.13361945637e+01 1.26859799714e+00 1.32818311874e+01 1.26859799714e+00
1.13590844063e+01 1.27360515021e+00 1.32818311874e+01 1.27360515021e+00
1.13590844063e+01 1.27861230329e+00 1.32818311874e+01 1.27861230329e+00
1.13590844063e+01 1.28361945637e+00 1.32818311874e+01 1.28361945637e+00
1.13590844063e+01 1.28862660944e+00 1.33047210300e+01 1.28862660944e+00
1.13590844063e+01 1.29363376252e+00 1.33047210300e+01 1.29363376252e+00
1.13819742489e+01 1.29864091559e+00 1.33047210300e+01 1.29864091559e+00
1.13819742489e+01 1.30364806867e+00 1.33276108727e+01 1.30364806867e+00
1.13819742489e+01 1.30865522175e+00 1.33276108727e+01 1.30865522175e+00
1.13819742489e+01 1.31366237482e+00 1.33276108727e+01 1.31366237482e+00
1.13819742489e+01 1.31866952790e+00 1.33505007153e+01 1.31866952790e+00
1.14048640916e+01 1.32367668097e+00 1.33505007153e+01 1.32367668097e+00
1.14048640916e+01 1.32868383405e+00 1.33505007153e+01 1.32868383405e+00
1.14048640916e+01 1.33369098712e+00 1.33733905579e+01 1.33369098712e+00
1.14048640916e+01 1.33869814020e+00 1.33733905579e+01 1.33869814020e+00
1.14048640916e+01 1.34370529328e+00 1.33733905579e+01 1.34370529328e+00
1.14048640916e+01 1.34871244635e+00 1.33962804006e+01 1.34871244635e+00
1.14277539342e+01 1.35371959943e+00 1.33962804006e+01 1.35371959943e+00
1.14277539342e+01 1.35872675250e+00 1.33962804006e+01 1.35872675250e+00
1.14277539342e+01 1.36373390558e+00 1.34191702432e+01 1.36373390558e+00
1.14277539342e+01 1.36874105866e+00 1.34191702432e+01 1.36874105866e+00
1.14277539342e+01 1.37374821173e+00 1.34191702432e+01 1.37374821173e+00
1.14506437768e+01 1.37875536481e+00 1.34191702432e+01 1.37875536481e+00
1.14506437768e+01 1.38376251788e+00 1.34420600858e+01 1.38376251788e+00
1.14506437768e+01 1.38876967096e+00 1.34420600858e+01 1.38876967096e+00
1.14506437768e+01 1.39377682403e+00 1.34420600858e+01 1.39377682403e+00
1.14506437768e+01 1.39878397711e+00 1.34649499285e+01 1.39878397711e+00
1.14735336195e+01 1.40379113019e+00 1.34649499285e+01 1.40379113019e+00
1.14735336195e+01 1.40879828326e+00 1.34649499285e+01 1.40879828326e+00
1.14735336195e+01 1.41380543634e+00 1.34878397711e+01 1.41380543634e+00
1.14735336195e+01 1.41881258941e+00 1.34878397711e+01 1.41881258941e+00
1.14735336195e+01 1.42381974249e+00 1.34878397711e+01 1.42381974249e+00
1.14735336195e+01 1.42882689557e+00 1.35107296137e+01 1.42882689557e+00
1.14964234621e+01 1.43383404864e+00 1.35107296137e+01 1.43383404864e+00
1.14964234621e+01 1.43884120172e+00 1.35107296137e+01 1.43884120172e+00
1.14964234621e+01 1.44384835479e+00 1.35336194564e+01 1.44384835479e+00
1.14964234621e+01 1.44885550787e+00 1.35336194564e+01 1.44885550787e+00
1.14964234621e+01 1.45386266094e+00 1.35336194564e+01 1.45386266094e+00
1.15193133047e+01 1.45886981402e+00 1.35565092990e+01 1.45886981402e+00
1.15193133047e+01 1.46387696710e+00 1.35565092990e+01 1.46387696710e+00
1.15193133047e+01 1.46888412017e+00 1.35565092990e+01 1.46888412017e+00
1.15193133047e+01 1.47389127325e+00 1.35793991416e+01 1.47389127325e+00
1.15193133047e+01 1.47889842632e+00 1.35793991416e+01 1.47889842632e+00
1.15422031474e+01 1.48390557940e+00 1.35793991416e+01 1.48390557940e+00
1.15422031474e+01 1.48891273247e+00 1.35793991416e+01 1.48891273247e+00
1.15422031474e+01 1.49391988555e+00 1.36022889843e+01 1.49391988555e+00
1.15422031474e+01 1.49892703863e+00 1.36022889843e+01 1.49892703863e+00
1.15422031474e+01 1.50393419170e+00 1.36022889843e+01 1.50393419170e+00
1.15422031474e+01 1.50894134478e+00 1.36251788269e+01 1.50894134478e+00
1.15650929900e+01 1.51394849785e+00 1.36251788269e+01 1.51394849785e+00
1.15650929900e+01 1.51895565093e+00 1.36251788269e+01 1.51895565093e+00
1.15650929900e+01 1.52396280401e+00 1.36480686695e+01 1.52396280401e+00
1.15650929900e+01 1.52896995708e+00 1.36480686695e+01 1.52896995708e+00
1.15650929900e+01 1.53397711016e+00 1.36480686695e+01 1.53397711016e+00
1.15879828326e+01 1.53898426323e+00 1.36480686695e+01 1.53898426323e+00
1.15879828326e+01 1.54399141631e+00 1.36709585122e+01 1.54399141631e+00
1.15879828326e+01 1.54899856938e+00 1.36709585122e+01 1.54899856938e+00
1.15879828326e+01 1.55400572246e+00 1.36709585122e+01 1.55400572246e+00
1.15879828326e+01 1.55901287554e+00 1.36938483548e+01 1.55901287554e+00
1.16108726753e+01 1.56402002861e+00 1.36938483548e+01 1.56402002861e+00
1.16108726753e+01 1.56902718169e+00 1.36938483548e+01 1.56902718169e+00
1.16108726753e+01 1.57403433476e+00 1.37167381974e+01 1.57403433476e+00
1.16108726753e+01 1.57904148784e+00 1.37167381974e+01 1.57904148784e+00
1.16108726753e+01 1.58404864092e+00 1.37167381974e+01 1.58404864092e+00
1.16108726753e+01 1.58905579399e+00 1.37167381974e+01 1.58905579399e+00
1.16337625179e+01 1.59406294707e+00 1.37396280401e+01 1.59406294707e+00
1.16337625179e+01 1.59907010014e+00 1.37396280401e+01 1.59907010014e+00
1.16337625179e+01 1.60407725322e+00 1.37396280401e+01 1.60407725322e+00
1.16337625179e+01 1.60908440629e+00 1.37625178827e+01 1.60908440629e+00
1.16337625179e+01 1.61409155937e+00 1.37625178827e+01 1.61409155937e+00
1.16337625179e+01 1.61909871245e+00 1.37625178827e+01 1.61909871245e+00
1.16566523605e+01 1.62410586552e+00 1.37854077253e+01 1.62410586552e+00
1.16566523605e+01 1.62911301860e+00 1.37854077253e+01 1.62911301860e+00
1.16566523605e+01 1.63412017167e+00 1.37854077253e+01 1.63412017167e+00
1.16566523605e+01 1.63912732475e+00 1.37854077253e+01 1.63912732475e+00
1.16566523605e+01 1.64413447783e+00 1.38082975680e+01 1.64413447783e+00
1.16566523605e+01 1.64914163090e+00 1.38082975680e+01 1.64914163090e+00
1.16795422031e+01 1.65414878398e+00 1.38082975680e+01 1.65414878398e+00
1.16795422031e+01 1.65915593705e+00 1.38311874106e+01 1.65915593705e+00
1.16795422031e+01 1.66416309013e+00 1.38311874106e+01 1.66416309013e+00
1.16795422031e+01 1.66917024320e+00 1.38311874106e+01 1.66917024320e+00
1.16795422031e+01 1.67417739628e+00 1.38311874106e+01 1.67417739628e+00
1.16795422031e+01 1.67918454936e+00 1.38540772532e+01 1.67918454936e+00
1.17024320458e+01 1.68419170243e+00 1.38540772532e+01 1.68419170243e+00
1.17024320458e+01 1.68919885551e+00 1.38540772532e+01 1.68919885551e+00
1.17024320458e+01 1.69420600858e+00 1.38769670959e+01 1.69420600858e+00
1.17024320458e+01 1.69921316166e+00 1.38769670959e+01 1.69921316166e+00
1.17024320458e+01 1.70422031474e+00 1.38769670959e+01 1.70422031474e+00
1.17024320458e+01 1.70922746781e+00 1.38769670959e+01 1.70922746781e+00
1.17253218884e+01 1.71423462089e+00 1.38998569385e+01 1.71423462089e+00
1.17253218884e+01 1.71924177396e+00 1.38998569385e+01 1.71924177396e+00
1.17253218884e+01 1.72424892704e+00 1.38998569385e+01 1.72424892704e+00
1.17253218884e+01 1.72925608011e+00 1.38998569385e+01 1.72925608011e+00
1.17253218884e+01 1.73426323319e+00 1.39227467811e+01 1.73426323319e+00
1.17253218884e+01 1.73927038627e+00 1.39227467811e+01 1.73927038627e+00
1.17482117310e+01 1.74427753934e+00 1.39227467811e+01 1.74427753934e+00
1.17482117310e+01 1.74928469242e+00 1.39456366237e+01 1.74928469242e+00
1.17482117310e+01 1.75429184549e+00 1.39456366237e+01 1.75429184549e+00
1.17482117310e+01 1.75929899857e+00 1.39456366237e+01 1.75929899857e+00
1.17482117310e+01 1.76430615165e+00 1.39456366237e+01 1.76430615165e+00
1.17482117310e+01 1.76931330472e+00 1.39685264664e+01 1.76931330472e+00
1.17711015737e+01 1.77432045780e+00 1.39685264664e+01 1.77432045780e+00
1.17711015737e+01 1.77932761087e+00 1.39685264664e+01 1.77932761087e+00
1.17711015737e+01 1.78433476395e+00 1.39685264664e+01 1.78433476395e+00
1.17711015737e+01 1.78934191702e+00 1.39914163090e+01 1.78934191702e+00
1.17711015737e+01 1.79434907010e+00 1.39914163090e+01 1.79434907010e+00
1.17711015737e+01 1.79935622318e+00 1.39914163090e+01 1.79935622318e+00
1.17939914163e+01 1.80436337625e+00 1.40143061516e+01 1.80436337625e+00
1.17939914163e+01 1.80937052933e+00 1.40143061516e+01 1.80937052933e+00
1.17939914163e+01 1.81437768240e+00 1.40143061516e+01 1.81437768240e+00
1.17939914163e+01 1.81938483548e+00 1.40143061516e+01 1.81938483548e+00
1.17939914163e+01 1.82439198856e+00 1.40371959943e+01 1.82439198856e+00
1.17939914163e+01 1.82939914163e+00 1.40371959943e+01 1.82939914163e+00
1.17939914163e+01 1.83440629471e+00 1.40371959943e+01 1.83440629471e+00
1.18168812589e+01 1.83941344778e+00 1.40371959943e+01 1.83941344778e+00
1.18168812589e+01 1.84442060086e+00 1.40600858369e+01 1.84442060086e+00
1.18168812589e+01 1.84942775393e+00 1.40600858369e+01 1.84942775393e+00
1.18168812589e+01 1.85443490701e+00 1.40600858369e+01 1.85443490701e+00
1.18168812589e+01 1.85944206009e+00 1.40600858369e+01 1.85944206009e+00
1.18168812589e+01 1.86444921316e+00 1.40829756795e+01 1.86444921316e+00
1.18168812589e+01 1.86945636624e+00 1.40829756795e+01 1.86945636624e+00
1.18397711016e+01 1.87446351931e+00 1.40829756795e+01 1.87446351931e+00
1.18397711016e+01 1.87947067239e+00 1.41058655222e+01 1.87947067239e+00
1.18397711016e+01 1.88447782546e+00 1.41058655222e+01 1.88447782546e+00
1.18397711016e+01 1.88948497854e+00 1.41058655222e+01 1.88948497854e+00
1.18397711016e+01 1.89449213162e+00 1.41058655222e+01 1.89449213162e+00
1.18397711016e+01 1.89949928469e+00 1.41287553648e+01 1.89949928469e+00
1.18397711016e+01 1.90450643777e+00 1.41287553648e+01 1.90450643777e+00
1.18397711016e+01 1.90951359084e+00 1.41287553648e+01 1.90951359084e+00
1.18626609442e+01 1.91452074392e+00 1.41287553648e+01 1.91452074392e+00
1.18626609442e+01 1.91952789700e+00 1.41516452074e+01 1.91952789700e+00
1.18626609442e+01 1.92453505007e+00 1.41516452074e+01 1.92453505007e+00
1.18626609442e+01 1.92954220315e+00 1.41516452074e+01 1.92954220315e+00
1.18626609442e+01 1.93454935622e+00 1.41516452074e+01 1.93454935622e+00
1.18626609442e+01 1.93955650930e+00 1.41745350501e+01 1.93955650930e+00
1.18626609442e+01 1.94456366237e+00 1.41745350501e+01 1.94456366237e+00
1.18626609442e+01 1.94957081545e+00 1.41745350501e+01 1.94957081545e+00
1.18855507868e+01 1.95457796853e+00 1.41745350501e+01 1.95457796853e+00
1.18855507868e+01 1.95958512160e+00 1.41974248927e+01 1.95958512160e+00
1.18855507868e+01 1.96459227468e+00 1.41974248927e+01 1.96459227468e+00
1.18855507868e+01 1.96959942775e+00 1.41974248927e+01 1.96959942775e+00
1.18855507868e+01 1.97460658083e+00 1.41974248927e+01 1.97460658083e+00
1.18855507868e+01 1.97961373391e+00 1.42203147353e+01 1.97961373391e+00
1.18855507868e+01 1.98462088698e+00 1.42203147353e+01 1.98462088698e+00
1.18855507868e+01 1.98962804006e+00 1.42203147353e+01 1.98962804006e+00
1.18855507868e+01 1.99463519313e+00 1.42203147353e+01 1.99463519313e+00
1.19084406295e+01 1.99964234621e+00 1.42432045780e+01 1.99964234621e+00
1.19084406295e+01 2.00464949928e+00 1.42432045780e+01 2.00464949928e+00
1.19084406295e+01 2.00965665236e+00 1.42432045780e+01 2.00965665236e+00
1.19084406295e+01 2.01466380544e+00 1.42432045780e+01 2.01466380544e+00
1.19084406295e+01 2.01967095851e+00 1.42660944206e+01 2.01967095851e+00
1.19084406295e+01 2.02467811159e+00 1.42660944206e+01 2.02467811159e+00
1.19084406295e+01 2.02968526466e+00 1.42660944206e+01 2.02968526466e+00
1.19084406295e+01 2.03469241774e+00 1.42660944206e+01 2.03469241774e+00
1.19084406295e+01 2.03969957082e+00 1.42660944206e+01 2.03969957082e+00
1.19313304721e+01 2.04470672389e+00 1.42889842632e+01 2.04470672389e+00
1.19313304721e+01 2.04971387697e+00 1.42889842632e+01 2.04971387697e+00
1.19313304721e+01 2.05472103004e+00 1.42889842632e+01 2.05472103004e+00
1.19313304721e+01 2.05972818312e+00 1.42889842632e+01 2.05972818312e+00
1.19313304721e+01 2.06473533619e+00 1.43118741059e+01 2.06473533619e+00
1.19313304721e+01 2.06974248927e+00 1.43118741059e+01 2.06974248927e+00
1.19313304721e+01 2.07474964235e+00 1.43118741059e+01 2.07474964235e+00
1.19313304721e+01 2.07975679542e+00 1.43118741059e+01 2.07975679542e+00
1.19313304721e+01 2.08476394850e+00 1.43118741059e+01 2.08476394850e+00
1.19313304721e+01 2.08977110157e+00 1.43347639485e+01 2.08977110157e+00
1.19313304721e+01 2.09477825465e+00 1.43347639485e+01 2.09477825465e+00
1.19542203147e+01 2.09978540773e+00 1.43347639485e+01 2.09978540773e+00
1.19542203147e+01 2.10479256080e+00 1.43347639485e+01 2.10479256080e+00
1.19542203147e+01 2.10979971388e+00 1.43576537911e+01 2.10979971388e+00
1.19542203147e+01 2.11480686695e+00 1.43576537911e+01 2.11480686695e+00
1.19542203147e+01 2.11981402003e+00 1.43576537911e+01 2.11981402003e+00
1.19542203147e+01 2.12482117310e+00 1.43576537911e+01 2.12482117310e+00
1.19542203147e+01 2.12982832618e+00 1.43576537911e+01 2.12982832618e+00
1.19542203147e+01 2.13483547926e+00 1.43805436338e+01 2.13483547926e+00
1.19542203147e+01 2.13984263233e+00 1.43805436338e+01 2.13984263233e+00
1.19542203147e+01 2.14484978541e+00 1.43805436338e+01 2.14484978541e+00
1.19542203147e+01 2.14985693848e+00 1.43805436338e+01 2.14985693848e+00
1.19542203147e+01 2.15486409156e+00 1.43805436338e+01 2.15486409156e+00
1.19542203147e+01 2.15987124464e+00 1.44034334764e+01 2.15987124464e+00
1.19542203147e+01 2.16487839771e+00 1.44034334764e+01 2.16487839771e+00
1.19542203147e+01 2.16988555079e+00 1.44034334764e+01 2.16988555079e+00
1.19542203147e+01 2.17489270386e+00 1.44034334764e+01 2.17489270386e+00
1.19771101574e+01 2.17989985694e+00 1.44034334764e+01 2.17989985694e+00
1.19771101574e+01 2.18490701001e+00 1.44263233190e+01 2.18490701001e+00
1.19771101574e+01 2.18991416309e+00 1.44263233190e+01 2.18991416309e+00
1.19771101574e+01 2.19492131617e+00 1.44263233190e+01 2.19492131617e+00
1.19771101574e+01 2.19992846924e+00 1.44263233190e+01 2.19992846924e+00
1.19771101574e+01 2.20493562232e+00 1.44263233190e+01 2.20493562232e+00
1.19771101574e+01 2.20994277539e+00 1.44492131617e+01 2.20994277539e+00
1.19771101574e+01 2.21494992847e+00 1.44492131617e+01 2.21494992847e+00
1.19771101574e+01 2.21995708155e+00 1.44492131617e+01 2.21995708155e+00
1.19771101574e+01 2.22496423462e+00 1.44492131617e+01 2.22496423462e+00
1.19771101574e+01 2.22997138770e+00 1.44492131617e+01 2.22997138770e+00
1.19771101574e+01 2.23497854077e+00 1.44721030043e+01 2.23497854077e+00
1.19771101574e+01 2.23998569385e+00 1.44721030043e+01 2.23998569385e+00
1.19771101574e+01 2.24499284692e+00 1.44721030043e+01 2.24499284692e+00
1.19771101574e+01 2.25000000000e+00 1.44721030043e+01 2.25000000000e+00
1.19771101574e+01 2.25500715308e+00 1.44721030043e+01 2.25500715308e+00
1.19771101574e+01 2.26001430615e+00 1.44721030043e+01 2.26001430615e+00
1.19771101574e+01 2.26502145923e+00 1.44949928469e+01 2.26502145923e+00
1.19771101574e+01 2.27002861230e+00 1.44949928469e+01 2.27002861230e+00
1.19771101574e+01 2.27503576538e+00 1.44949928469e+01 2.27503576538e+00
1.19771101574e+01 2.28004291845e+00 1.44949928469e+01 2.28004291845e+00
1.19771101574e+01 2.28505007153e+00 1.44949928469e+01 2.28505007153e+00
1.19771101574e+01 2.29005722461e+00 1.45178826896e+01 2.29005722461e+00
1.19771101574e+01 2.29506437768e+00 1.45178826896e+01 2.29506437768e+00
1.19771101574e+01 2.30007153076e+00 1.45178826896e+01 2.30007153076e+00
1.19771101574e+01 2.30507868383e+00 1.45178826896e+01 2.30507868383e+00
1.19771101574e+01 2.31008583691e+00 1.45178826896e+01 2.31008583691e+00
1.19771101574e+01 2.31509298999e+00 1.45178826896e+01 2.31509298999e+00
1.19771101574e+01 2.32010014306e+00 1.45407725322e+01 2.32010014306e+00
1.19771101574e+01 2.32510729614e+00 1.45407725322e+01 2.32510729614e+00
1.19771101574e+01 2.33011444921e+00 1.45407725322e+01 2.33011444921e+00
1.19771101574e+01 2.33512160229e+00 1.45407725322e+01 2.33512160229e+00
1.19542203147e+01 2.34012875536e+00 1.45407725322e+01 2.34012875536e+00
1.19542203147e+01 2.34513590844e+00 1.45407725322e+01 2.34513590844e+00
1.19542203147e+01 2.35014306152e+00 1.45636623748e+01 2.35014306152e+00
1.19542203147e+01 2.35515021459e+00 1.45636623748e+01 2.35515021459e+00
1.19542203147e+01 2.36015736767e+00 1.45636623748e+01 2.36015736767e+00
1.19542203147e+01 2.36516452074e+00 1.45636623748e+01 2.36516452074e+00
1.19542203147e+01 2.37017167382e+00 1.45636623748e+01 2.37017167382e+00
1.19542203147e+01 2.37517882690e+00 1.45636623748e+01 2.37517882690e+00
1.19542203147e+01 2.38018597997e+00 1.45636623748e+01 2.38018597997e+00
1.19542203147e+01 2.38519313305e+00 1.45865522175e+01 2.38519313305e+00
1.19542203147e+01 2.39020028612e+00 1.45865522175e+01 2.39020028612e+00
1.19542203147e+01 2.39520743920e+00 1.45865522175e+01 2.39520743920e+00
1.19313304721e+01 2.40021459227e+00 1.45865522175e+01 2.40021459227e+00
1.19313304721e+01 2.40522174535e+00 1.45865522175e+01 2.40522174535e+00
1.19313304721e+01 2.41022889843e+00 1.45865522175e+01 2.41022889843e+00
1.19313304721e+01 2.41523605150e+00 1.45865522175e+01 2.41523605150e+00
1.19313304721e+01 2.42024320458e+00 1.46094420601e+01 2.42024320458e+00
1.19084406295e+01 2.42525035765e+00 1.46094420601e+01 2.42525035765e+00
1.19084406295e+01 2.43025751073e+00 1.46094420601e+01 2.43025751073e+00
1.19084406295e+01 2.43526466381e+00 1.46094420601e+01 2.43526466381e+00
1.19084406295e+01 2.44027181688e+00 1.46094420601e+01 2.44027181688e+00
1.19084406295e+01 2.44527896996e+00 1.46094420601e+01 2.44527896996e+00
1.18855507868e+01 2.45028612303e+00 1.46094420601e+01 2.45028612303e+00
1.18855507868e+01 2.45529327611e+00 1.46094420601e+01 2.45529327611e+00
1.18855507868e+01 2.46030042918e+00 1.46323319027e+01 2.46030042918e+00
1.18626609442e+01 2.46530758226e+00 1.46323319027e+01 2.46530758226e+00
1.18626609442e+01 2.47031473534e+00 1.46323319027e+01 2.47031473534e+00
1.18626609442e+01 2.47532188841e+00 1.46323319027e+01 2.47532188841e+00
1.18397711016e+01 2.48032904149e+00 1.46323319027e+01 2.48032904149e+00
1.18397711016e+01 2.48533619456e+00 1.46323319027e+01 2.48533619456e+00
1.18168812589e+01 2.49034334764e+00 1.46323319027e+01 2.49034334764e+00
1.17939914163e+01 2.49535050072e+00 1.46323319027e+01 2.49535050072e+00
1.17939914163e+01 2.50035765379e+00 1.46323319027e+01 2.50035765379e+00
1.17711015737e+01 2.50536480687e+00 1.46323319027e+01 2.50536480687e+00
1.17482117310e+01 2.51037195994e+00 1.46552217454e+01 2.51037195994e+00
1.17024320458e+01 2.51537911302e+00 1.46552217454e+01 2.51537911302e+00
1.16108726753e+01 2.52038626609e+00 1.46552217454e+01 2.52038626609e+00
1.16337625179e+01 2.52539341917e+00 1.46552217454e+01 2.52539341917e+00
1.16108726753e+01 2.53040057225e+00 1.46552217454e+01 2.53040057225e+00
1.15879828326e+01 2.53540772532e+00 1.46552217454e+01 2.53540772532e+00
1.15879828326e+01 2.54041487840e+00 1.46552217454e+01 2.54041487840e+00
1.16108726753e+01 2.54542203147e+00 1.46552217454e+01 2.54542203147e+00
1.16566523605e+01 2.55042918455e+00 1.46552217454e+01 2.55042918455e+00
1.16337625179e+01 2.55543633763e+00 1.46552217454e+01 2.55543633763e+00
1.15879828326e+01 2.56044349070e+00 1.46552217454e+01 2.56044349070e+00
1.15650929900e+01 2.56545064378e+00 1.46552217454e+01 2.56545064378e+00
1.15879828326e+01 2.57045779685e+00 1.46552217454e+01 2.57045779685e+00
1.16337625179e+01 2.57546494993e+00 1.46552217454e+01 2.57546494993e+00
1.17482117310e+01 2.58047210300e+00 1.46552217454e+01 2.58047210300e+00
1.17253218884e+01 2.58547925608e+00 1.46552217454e+01 2.58547925608e+00
1.16795422031e+01 2.59048640916e+00 1.46552217454e+01 2.59048640916e+00
1.16337625179e+01 2.59549356223e+00 1.46552217454e+01 2.59549356223e+00
1.17711015737e+01 2.60050071531e+00 1.46552217454e+01 2.60050071531e+00
1.19313304721e+01 2.60550786838e+00 1.46552217454e+01 2.60550786838e+00
1.18855507868e+01 2.61051502146e+00 1.46552217454e+01 2.61051502146e+00
1.18168812589e+01 2.61552217454e+00 1.46552217454e+01 2.61552217454e+00
1.17024320458e+01 2.62052932761e+00 1.46552217454e+01 2.62052932761e+00
1.19771101574e+01 2.62553648069e+00 1.46552217454e+01 2.62553648069e+00
1.19313304721e+01 2.63054363376e+00 1.46552217454e+01 2.63054363376e+00
1.19313304721e+01 2.63555078684e+00 1.46552217454e+01 2.63555078684e+00
1.19313304721e+01 2.64055793991e+00 1.46552217454e+01 2.64055793991e+00
1.20457796853e+01 2.64556509299e+00 1.46552217454e+01 2.64556509299e+00
1.20000000000e+01 2.65057224607e+00 1.46552217454e+01 2.65057224607e+00
1.19771101574e+01 2.65557939914e+00 1.46552217454e+01 2.65557939914e+00
1.20686695279e+01 2.66058655222e+00 1.46552217454e+01 2.66058655222e+00
1.20000000000e+01 2.66559370529e+00 1.46552217454e+01 2.66559370529e+00
1.19542203147e+01 2.67060085837e+00 1.46552217454e+01 2.67060085837e+00
1.22517882690e+01 2.67560801144e+00 1.46552217454e+01 2.67560801144e+00
1.22517882690e+01 2.68061516452e+00 1.46552217454e+01 2.68061516452e+00
1.21831187411e+01 2.68562231760e+00 1.46552217454e+01 2.68562231760e+00
1.22517882690e+01 2.69062947067e+00 1.46552217454e+01 2.69062947067e+00
1.21831187411e+01 2.69563662375e+00 1.46323319027e+01 2.69563662375e+00
1.23204577969e+01 2.70064377682e+00 1.46323319027e+01 2.70064377682e+00
1.22517882690e+01 2.70565092990e+00 1.46323319027e+01 2.70565092990e+00
1.22060085837e+01 2.71065808298e+00 1.46323319027e+01 2.71065808298e+00
1.23204577969e+01 2.71566523605e+00 1.46323319027e+01 2.71566523605e+00
1.22746781116e+01 2.72067238913e+00 1.46323319027e+01 2.72067238913e+00
1.22517882690e+01 2.72567954220e+00 1.46323319027e+01 2.72567954220e+00
1.23662374821e+01 2.73068669528e+00 1.46323319027e+01 2.73068669528e+00
1.22975679542e+01 2.73569384835e+00 1.46323319027e+01 2.73569384835e+00
1.22517882690e+01 2.74070100143e+00 1.46323319027e+01 2.74070100143e+00
1.24577968526e+01 2.74570815451e+00 1.46323319027e+01 2.74570815451e+00
1.24349070100e+01 2.75071530758e+00 1.46323319027e+01 2.75071530758e+00
1.24577968526e+01 2.75572246066e+00 1.46323319027e+01 2.75572246066e+00
1.24577968526e+01 2.76072961373e+00 1.46323319027e+01 2.76072961373e+00
1.25722460658e+01 2.76573676681e+00 1.46323319027e+01 2.76573676681e+00
1.25951359084e+01 2.77074391989e+00 1.46323319027e+01 2.77074391989e+00
1.25493562232e+01 2.77575107296e+00 1.46323319027e+01 2.77575107296e+00
1.24577968526e+01 2.78075822604e+00 1.46323319027e+01 2.78075822604e+00
1.24349070100e+01 2.78576537911e+00 1.46323319027e+01 2.78576537911e+00
1.26180257511e+01 2.79077253219e+00 1.46323319027e+01 2.79077253219e+00
1.27324749642e+01 2.79577968526e+00 1.46323319027e+01 2.79577968526e+00
1.26866952790e+01 2.80078683834e+00 1.46552217454e+01 2.80078683834e+00
1.26409155937e+01 2.80579399142e+00 1.46552217454e+01 2.80579399142e+00
1.27095851216e+01 2.81080114449e+00 1.46552217454e+01 2.81080114449e+00
1.27324749642e+01 2.81580829757e+00 1.46552217454e+01 2.81580829757e+00
1.26866952790e+01 2.82081545064e+00 1.46552217454e+01 2.82081545064e+00
1.28240343348e+01 2.82582260372e+00 1.46552217454e+01 2.82582260372e+00
1.28011444921e+01 2.83082975680e+00 1.46552217454e+01 2.83082975680e+00
1.27782546495e+01 2.83583690987e+00 1.46552217454e+01 2.83583690987e+00
1.27782546495e+01 2.84084406295e+00 1.46552217454e+01 2.84084406295e+00
1.29155937053e+01 2.84585121602e+00 1.46552217454e+01 2.84585121602e+00
1.29384835479e+01 2.85085836910e+00 1.46552217454e+01 2.85085836910e+00
1.29613733906e+01 2.85586552217e+00 1.46552217454e+01 2.85586552217e+00
1.28698140200e+01 2.86087267525e+00 1.46552217454e+01 2.86087267525e+00
1.28927038627e+01 2.86587982833e+00 1.46552217454e+01 2.86587982833e+00
1.30529327611e+01 2.87088698140e+00 1.46552217454e+01 2.87088698140e+00
1.29613733906e+01 2.87589413448e+00 1.46552217454e+01 2.87589413448e+00
1.30071530758e+01 2.88090128755e+00 1.46552217454e+01 2.88090128755e+00
1.30300429185e+01 2.88590844063e+00 1.46552217454e+01 2.88590844063e+00
1.30987124464e+01 2.89091559371e+00 1.46552217454e+01 2.89091559371e+00
1.30987124464e+01 2.89592274678e+00 1.46552217454e+01 2.89592274678e+00
1.31216022890e+01 2.90092989986e+00 1.46552217454e+01 2.90092989986e+00
1.32131616595e+01 2.90593705293e+00 1.46552217454e+01 2.90593705293e+00
1.31673819742e+01 2.91094420601e+00 1.46552217454e+01 2.91094420601e+00
1.32131616595e+01 2.91595135908e+00 1.46552217454e+01 2.91595135908e+00
1.32131616595e+01 2.92095851216e+00 1.46552217454e+01 2.92095851216e+00
1.31673819742e+01 2.92596566524e+00 1.46552217454e+01 2.92596566524e+00
1.31444921316e+01 2.93097281831e+00 1.46552217454e+01 2.93097281831e+00
1.31216022890e+01 2.93597997139e+00 1.46552217454e+01 2.93597997139e+00
1.32360515021e+01 2.94098712446e+00 1.46552217454e+01 2.94098712446e+00
1.31673819742e+01 2.94599427754e+00 1.46552217454e+01 2.94599427754e+00
1.32818311874e+01 2.95100143062e+00 1.46552217454e+01 2.95100143062e+00
1.32360515021e+01 2.95600858369e+00 1.46552217454e+01 2.95600858369e+00
1.33733905579e+01 2.96101573677e+00 1.46552217454e+01 2.96101573677e+00
1.33276108727e+01 2.96602288984e+00 1.46552217454e+01 2.96602288984e+00
1.32589413448e+01 2.97103004292e+00 1.46552217454e+01 2.97103004292e+00
1.32360515021e+01 2.97603719599e+00 1.46552217454e+01 2.97603719599e+00
1.34420600858e+01 2.98104434907e+00 1.46552217454e+01 2.98104434907e+00
1.34420600858e+01 2.98605150215e+00 1.46552217454e+01 2.98605150215e+00
1.35565092990e+01 2.99105865522e+00 1.46552217454e+01 2.99105865522e+00
1.34420600858e+01 2.99606580830e+00 1.46552217454e+01 2.99606580830e+00
1.35793991416e+01 3.00107296137e+00 1.46552217454e+01 3.00107296137e+00
1.35565092990e+01 3.00608011445e+00 1.46552217454e+01 3.00608011445e+00
1.35565092990e+01 3.01108726753e+00 1.46552217454e+01 3.01108726753e+00
1.35565092990e+01 3.01609442060e+00 1.46323319027e+01 3.01609442060e+00
1.36251788269e+01 3.02110157368e+00 1.46323319027e+01 3.02110157368e+00
1.36022889843e+01 3.02610872675e+00 1.46323319027e+01 3.02610872675e+00
1.37396280401e+01 3.03111587983e+00 1.46323319027e+01 3.03111587983e+00
1.36709585122e+01 3.03612303290e+00 1.46323319027e+01 3.03612303290e+00
1.36709585122e+01 3.04113018598e+00 1.46323319027e+01 3.04113018598e+00
1.36938483548e+01 3.04613733906e+00 1.46323319027e+01 3.04613733906e+00
1.36480686695e+01 3.05114449213e+00 1.46323319027e+01 3.05114449213e+00
1.35793991416e+01 3.05615164521e+00 1.46323319027e+01 3.05615164521e+00
1.37625178827e+01 3.06115879828e+00 1.46323319027e+01 3.06115879828e+00
1.39227467811e+01 3.06616595136e+00 1.46094420601e+01 3.06616595136e+00
1.38998569385e+01 3.07117310443e+00 1.46094420601e+01 3.07117310443e+00
1.38769670959e+01 3.07618025751e+00 1.46094420601e+01 3.07618025751e+00
1.38540772532e+01 3.08118741059e+00 1.46094420601e+01 3.08118741059e+00
1.38311874106e+01 3.08619456366e+00 1.46094420601e+01 3.08619456366e+00
1.38082975680e+01 3.09120171674e+00 1.46094420601e+01 3.09120171674e+00
1.37167381974e+01 3.09620886981e+00 1.46094420601e+01 3.09620886981e+00
1.39456366237e+01 3.10121602289e+00 1.46094420601e+01 3.10121602289e+00
1.39227467811e+01 3.10622317597e+00 1.45865522175e+01 3.10622317597e+00
1.38998569385e+01 3.11123032904e+00 1.45865522175e+01 3.11123032904e+00
1.38769670959e+01 3.11623748212e+00 1.45865522175e+01 3.11623748212e+00
1.38311874106e+01 3.12124463519e+00 1.45865522175e+01 3.12124463519e+00
1.37625178827e+01 3.12625178827e+00 1.45636623748e+01 3.12625178827e+00
1.37625178827e+01 3.13125894134e+00 1.45636623748e+01 3.13125894134e+00
1.41745350501e+01 3.13626609442e+00 1.45636623748e+01 3.13626609442e+00
1.41287553648e+01 3.14127324750e+00 1.45636623748e+01 3.14127324750e+00
1.40600858369e+01 3.14628040057e+00 1.45407725322e+01 3.14628040057e+00
1.42203147353e+01 3.15128755365e+00 1.45407725322e+01 3.15128755365e+00
1.41974248927e+01 3.15629470672e+00 1.45407725322e+01 3.15629470672e+00
1.41745350501e+01 3.16130185980e+00 1.45178826896e+01 3.16130185980e+00
1.41287553648e+01 3.16630901288e+00 1.45178826896e+01 3.16630901288e+00
1.41287553648e+01 3.17131616595e+00 1.44949928469e+01 3.17131616595e+00
1.44721030043e+01 3.17632331903e+00 1.44949928469e+01 3.17632331903e+00
