1.08201001431e+01 1.00171673820e+00 1.35261087268e+01 1.00171673820e+00
1.08293991416e+01 1.00515021459e+00 1.35261087268e+01 1.00515021459e+00
1.08293991416e+01 1.00858369099e+00 1.35261087268e+01 1.00858369099e+00
1.08293991416e+01 1.01201716738e+00 1.35261087268e+01 1.01201716738e+00
1.08293991416e+01 1.01545064378e+00 1.35261087268e+01 1.01545064378e+00
1.08386981402e+01 1.01888412017e+00 1.35261087268e+01 1.01888412017e+00
1.08386981402e+01 1.02231759657e+00 1.35261087268e+01 1.02231759657e+00
1.08386981402e+01 1.02575107296e+00 1.35168097282e+01 1.02575107296e+00
1.08386981402e+01 1.02918454936e+00 1.35168097282e+01 1.02918454936e+00
1.08386981402e+01 1.03261802575e+00 1.35168097282e+01 1.03261802575e+00
1.08386981402e+01 1.03605150215e+00 1.35168097282e+01 1.03605150215e+00
1.08479971388e+01 1.03948497854e+00 1.35075107296e+01 1.03948497854e+00
1.08479971388e+01 1.04291845494e+00 1.35075107296e+01 1.04291845494e+00
1.08479971388e+01 1.04635193133e+00 1.35075107296e+01 1.04635193133e+00
1.08479971388e+01 1.04978540773e+00 1.35075107296e+01 1.04978540773e+00
1.08479971388e+01 1.05321888412e+00 1.34982117310e+01 1.05321888412e+00
1.08479971388e+01 1.05665236052e+00 1.34982117310e+01 1.05665236052e+00
1.08572961373e+01 1.06008583691e+00 1.34982117310e+01 1.06008583691e+00
1.08572961373e+01 1.06351931330e+00 1.34982117310e+01 1.06351931330e+00
1.08572961373e+01 1.06695278970e+00 1.34889127325e+01 1.06695278970e+00
1.08572961373e+01 1.07038626609e+00 1.34889127325e+01 1.07038626609e+00
1.08572961373e+01 1.07381974249e+00 1.34889127325e+01 1.07381974249e+00
1.08572961373e+01 1.07725321888e+00 1.34796137339e+01 1.07725321888e+00
1.08665951359e+01 1.08068669528e+00 1.34796137339e+01 1.08068669528e+00
1.08665951359e+01 1.08412017167e+00 1.34796137339e+01 1.08412017167e+00
1.08665951359e+01 1.08755364807e+00 1.34889127325e+01 1.08755364807e+00
1.08665951359e+01 1.09098712446e+00 1.34889127325e+01 1.09098712446e+00
1.08665951359e+01 1.09442060086e+00 1.34982117310e+01 1.09442060086e+00
1.08665951359e+01 1.09785407725e+00 1.35075107296e+01 1.09785407725e+00
1.08665951359e+01 1.10128755365e+00 1.35075107296e+01 1.10128755365e+00
1.08758941345e+01 1.10472103004e+00 1.35168097282e+01 1.10472103004e+00
1.08758941345e+01 1.10815450644e+00 1.35168097282e+01 1.10815450644e+00
1.08758941345e+01 1.11158798283e+00 1.35168097282e+01 1.11158798283e+00
1.08758941345e+01 1.11502145923e+00 1.35261087268e+01 1.11502145923e+00
1.08758941345e+01 1.11845493562e+00 1.35261087268e+01 1.11845493562e+00
1.08851931330e+01 1.12188841202e+00 1.35261087268e+01 1.12188841202e+00
1.08851931330e+01 1.12532188841e+00 1.35354077253e+01 1.12532188841e+00
1.08851931330e+01 1.12875536481e+00 1.35354077253e+01 1.12875536481e+00
1.08851931330e+01 1.13218884120e+00 1.35354077253e+01 1.13218884120e+00
1.08851931330e+01 1.13562231760e+00 1.35261087268e+01 1.13562231760e+00
1.08944921316e+01 1.13905579399e+00 1.35261087268e+01 1.13905579399e+00
1.08944921316e+01 1.14248927039e+00 1.35261087268e+01 1.14248927039e+00
1.08944921316e+01 1.14592274678e+00 1.35261087268e+01 1.14592274678e+00
1.08944921316e+01 1.14935622318e+00 1.35261087268e+01 1.14935622318e+00
1.08944921316e+01 1.15278969957e+00 1.35168097282e+01 1.15278969957e+00
1.09037911302e+01 1.15622317597e+00 1.35168097282e+01 1.15622317597e+00
1.09037911302e+01 1.15965665236e+00 1.35168097282e+01 1.15965665236e+00
1.09037911302e+01 1.16309012876e+00 1.35075107296e+01 1.16309012876e+00
1.09037911302e+01 1.16652360515e+00 1.35075107296e+01 1.16652360515e+00
1.09130901288e+01 1.16995708155e+00 1.35075107296e+01 1.16995708155e+00
1.09130901288e+01 1.17339055794e+00 1.34982117310e+01 1.17339055794e+00
1.09130901288e+01 1.17682403433e+00 1.34982117310e+01 1.17682403433e+00
1.09130901288e+01 1.18025751073e+00 1.34889127325e+01 1.18025751073e+00
1.09130901288e+01 1.18369098712e+00 1.34889127325e+01 1.18369098712e+00
1.09223891273e+01 1.18712446352e+00 1.34796137339e+01 1.18712446352e+00
1.09223891273e+01 1.19055793991e+00 1.34703147353e+01 1.19055793991e+00
1.09223891273e+01 1.19399141631e+00 1.34703147353e+01 1.19399141631e+00
1.09223891273e+01 1.19742489270e+00 1.34610157368e+01 1.19742489270e+00
1.09223891273e+01 1.20085836910e+00 1.34610157368e+01 1.20085836910e+00
1.09316881259e+01 1.20429184549e+00 1.34517167382e+01 1.20429184549e+00
1.09316881259e+01 1.20772532189e+00 1.34517167382e+01 1.20772532189e+00
1.09316881259e+01 1.21115879828e+00 1.34424177396e+01 1.21115879828e+00
1.09316881259e+01 1.21459227468e+00 1.34331187411e+01 1.21459227468e+00
1.09316881259e+01 1.21802575107e+00 1.34331187411e+01 1.21802575107e+00
1.09316881259e+01 1.22145922747e+00 1.34238197425e+01 1.22145922747e+00
1.09409871245e+01 1.22489270386e+00 1.34238197425e+01 1.22489270386e+00
1.09409871245e+01 1.22832618026e+00 1.34145207439e+01 1.22832618026e+00
1.09409871245e+01 1.23175965665e+00 1.34052217454e+01 1.23175965665e+00
1.09409871245e+01 1.23519313305e+00 1.34052217454e+01 1.23519313305e+00
1.09502861230e+01 1.23862660944e+00 1.33959227468e+01 1.23862660944e+00
1.09502861230e+01 1.24206008584e+00 1.33959227468e+01 1.24206008584e+00
1.09502861230e+01 1.24549356223e+00 1.33866237482e+01 1.24549356223e+00
1.09502861230e+01 1.24892703863e+00 1.33866237482e+01 1.24892703863e+00
1.09595851216e+01 1.25236051502e+00 1.33773247496e+01 1.25236051502e+00
1.09595851216e+01 1.25579399142e+00 1.33680257511e+01 1.25579399142e+00
1.09595851216e+01 1.25922746781e+00 1.33680257511e+01 1.25922746781e+00
1.09595851216e+01 1.26266094421e+00 1.33587267525e+01 1.26266094421e+00
1.09688841202e+01 1.26609442060e+00 1.33587267525e+01 1.26609442060e+00
1.09688841202e+01 1.26952789700e+00 1.33494277539e+01 1.26952789700e+00
1.09688841202e+01 1.27296137339e+00 1.33494277539e+01 1.27296137339e+00
1.09688841202e+01 1.27639484979e+00 1.33494277539e+01 1.27639484979e+00
1.09688841202e+01 1.27982832618e+00 1.33401287554e+01 1.27982832618e+00
1.09781831187e+01 1.28326180258e+00 1.33401287554e+01 1.28326180258e+00
1.09781831187e+01 1.28669527897e+00 1.33308297568e+01 1.28669527897e+00
1.09781831187e+01 1.29012875536e+00 1.33308297568e+01 1.29012875536e+00
1.09781831187e+01 1.29356223176e+00 1.33215307582e+01 1.29356223176e+00
1.09874821173e+01 1.29699570815e+00 1.33215307582e+01 1.29699570815e+00
1.09874821173e+01 1.30042918455e+00 1.33215307582e+01 1.30042918455e+00
1.09874821173e+01 1.30386266094e+00 1.33215307582e+01 1.30386266094e+00
1.09874821173e+01 1.30729613734e+00 1.33215307582e+01 1.30729613734e+00
1.09874821173e+01 1.31072961373e+00 1.33215307582e+01 1.31072961373e+00
1.09967811159e+01 1.31416309013e+00 1.33215307582e+01 1.31416309013e+00
1.09967811159e+01 1.31759656652e+00 1.33308297568e+01 1.31759656652e+00
1.09967811159e+01 1.32103004292e+00 1.33308297568e+01 1.32103004292e+00
1.09967811159e+01 1.32446351931e+00 1.33308297568e+01 1.32446351931e+00
1.10060801144e+01 1.32789699571e+00 1.33308297568e+01 1.32789699571e+00
1.10060801144e+01 1.33133047210e+00 1.33308297568e+01 1.33133047210e+00
1.10060801144e+01 1.33476394850e+00 1.33308297568e+01 1.33476394850e+00
1.10060801144e+01 1.33819742489e+00 1.33401287554e+01 1.33819742489e+00
1.10153791130e+01 1.34163090129e+00 1.33401287554e+01 1.34163090129e+00
1.10153791130e+01 1.34506437768e+00 1.33494277539e+01 1.34506437768e+00
1.10153791130e+01 1.34849785408e+00 1.33494277539e+01 1.34849785408e+00
1.10153791130e+01 1.35193133047e+00 1.33587267525e+01 1.35193133047e+00
1.10153791130e+01 1.35536480687e+00 1.33587267525e+01 1.35536480687e+00
1.10246781116e+01 1.35879828326e+00 1.33680257511e+01 1.35879828326e+00
1.10246781116e+01 1.36223175966e+00 1.33680257511e+01 1.36223175966e+00
1.10246781116e+01 1.36566523605e+00 1.33773247496e+01 1.36566523605e+00
1.10246781116e+01 1.36909871245e+00 1.33773247496e+01 1.36909871245e+00
1.10339771102e+01 1.37253218884e+00 1.33866237482e+01 1.37253218884e+00
1.10339771102e+01 1.37596566524e+00 1.33866237482e+01 1.37596566524e+00
1.10339771102e+01 1.37939914163e+00 1.33959227468e+01 1.37939914163e+00
1.10339771102e+01 1.38283261803e+00 1.33959227468e+01 1.38283261803e+00
1.10432761087e+01 1.38626609442e+00 1.34052217454e+01 1.38626609442e+00
1.10432761087e+01 1.38969957082e+00 1.34052217454e+01 1.38969957082e+00
1.10432761087e+01 1.39313304721e+00 1.34145207439e+01 1.39313304721e+00
1.10432761087e+01 1.39656652361e+00 1.34145207439e+01 1.39656652361e+00
1.10525751073e+01 1.40000000000e+00 1.34238197425e+01 1.40000000000e+00
1.10525751073e+01 1.40343347639e+00 1.34238197425e+01 1.40343347639e+00
1.10525751073e+01 1.40686695279e+00 1.34331187411e+01 1.40686695279e+00
1.10618741059e+01 1.41030042918e+00 1.34331187411e+01 1.41030042918e+00
1.10618741059e+01 1.41373390558e+00 1.34424177396e+01 1.41373390558e+00
1.10618741059e+01 1.41716738197e+00 1.34424177396e+01 1.41716738197e+00
1.10618741059e+01 1.42060085837e+00 1.34517167382e+01 1.42060085837e+00
1.10711731044e+01 1.42403433476e+00 1.34610157368e+01 1.42403433476e+00
1.10711731044e+01 1.42746781116e+00 1.34610157368e+01 1.42746781116e+00
1.10711731044e+01 1.43090128755e+00 1.34703147353e+01 1.43090128755e+00
1.10711731044e+01 1.43433476395e+00 1.34703147353e+01 1.43433476395e+00
1.10711731044e+01 1.43776824034e+00 1.34796137339e+01 1.43776824034e+00
1.10804721030e+01 1.44120171674e+00 1.34796137339e+01 1.44120171674e+00
1.10804721030e+01 1.44463519313e+00 1.34889127325e+01 1.44463519313e+00
1.10804721030e+01 1.44806866953e+00 1.34889127325e+01 1.44806866953e+00
1.10804721030e+01 1.45150214592e+00 1.34982117310e+01 1.45150214592e+00
1.10897711016e+01 1.45493562232e+00 1.34982117310e+01 1.45493562232e+00
1.10897711016e+01 1.45836909871e+00 1.35075107296e+01 1.45836909871e+00
1.10897711016e+01 1.46180257511e+00 1.35075107296e+01 1.46180257511e+00
1.10897711016e+01 1.46523605150e+00 1.35168097282e+01 1.46523605150e+00
1.10990701001e+01 1.46866952790e+00 1.35168097282e+01 1.46866952790e+00
1.10990701001e+01 1.47210300429e+00 1.35261087268e+01 1.47210300429e+00
1.10990701001e+01 1.47553648069e+00 1.35354077253e+01 1.47553648069e+00
1.10990701001e+01 1.47896995708e+00 1.35354077253e+01 1.47896995708e+00
1.11083690987e+01 1.48240343348e+00 1.35447067239e+01 1.48240343348e+00
1.11083690987e+01 1.48583690987e+00 1.35447067239e+01 1.48583690987e+00
1.11083690987e+01 1.48927038627e+00 1.35540057225e+01 1.48927038627e+00
1.11083690987e+01 1.49270386266e+00 1.35540057225e+01 1.49270386266e+00
1.11083690987e+01 1.49613733906e+00 1.35633047210e+01 1.49613733906e+00
1.11176680973e+01 1.49957081545e+00 1.35633047210e+01 1.49957081545e+00
1.11176680973e+01 1.50300429185e+00 1.35726037196e+01 1.50300429185e+00
1.11176680973e+01 1.50643776824e+00 1.35726037196e+01 1.50643776824e+00
1.11176680973e+01 1.50987124464e+00 1.35819027182e+01 1.50987124464e+00
1.11269670959e+01 1.51330472103e+00 1.35819027182e+01 1.51330472103e+00
1.11269670959e+01 1.51673819742e+00 1.35912017167e+01 1.51673819742e+00
1.11269670959e+01 1.52017167382e+00 1.36005007153e+01 1.52017167382e+00
1.11269670959e+01 1.52360515021e+00 1.36005007153e+01 1.52360515021e+00
1.11362660944e+01 1.52703862661e+00 1.36005007153e+01 1.52703862661e+00
1.11362660944e+01 1.53047210300e+00 1.36097997139e+01 1.53047210300e+00
1.11362660944e+01 1.53390557940e+00 1.36097997139e+01 1.53390557940e+00
1.11362660944e+01 1.53733905579e+00 1.36190987124e+01 1.53733905579e+00
1.11362660944e+01 1.54077253219e+00 1.36190987124e+01 1.54077253219e+00
1.11455650930e+01 1.54420600858e+00 1.36283977110e+01 1.54420600858e+00
1.11455650930e+01 1.54763948498e+00 1.36283977110e+01 1.54763948498e+00
1.11455650930e+01 1.55107296137e+00 1.36376967096e+01 1.55107296137e+00
1.11455650930e+01 1.55450643777e+00 1.36376967096e+01 1.55450643777e+00
1.11548640916e+01 1.55793991416e+00 1.36469957082e+01 1.55793991416e+00
1.11548640916e+01 1.56137339056e+00 1.36469957082e+01 1.56137339056e+00
1.11548640916e+01 1.56480686695e+00 1.36562947067e+01 1.56480686695e+00
1.11548640916e+01 1.56824034335e+00 1.36562947067e+01 1.56824034335e+00
1.11641630901e+01 1.57167381974e+00 1.36655937053e+01 1.57167381974e+00
1.11641630901e+01 1.57510729614e+00 1.36655937053e+01 1.57510729614e+00
1.11641630901e+01 1.57854077253e+00 1.36748927039e+01 1.57854077253e+00
1.11641630901e+01 1.58197424893e+00 1.36748927039e+01 1.58197424893e+00
1.11734620887e+01 1.58540772532e+00 1.36841917024e+01 1.58540772532e+00
1.11734620887e+01 1.58884120172e+00 1.36841917024e+01 1.58884120172e+00
1.11734620887e+01 1.59227467811e+00 1.36934907010e+01 1.59227467811e+00
1.11734620887e+01 1.59570815451e+00 1.36934907010e+01 1.59570815451e+00
1.11827610873e+01 1.59914163090e+00 1.37027896996e+01 1.59914163090e+00
1.11827610873e+01 1.60257510730e+00 1.37027896996e+01 1.60257510730e+00
1.11827610873e+01 1.60600858369e+00 1.37120886981e+01 1.60600858369e+00
1.11827610873e+01 1.60944206009e+00 1.37120886981e+01 1.60944206009e+00
1.11827610873e+01 1.61287553648e+00 1.37213876967e+01 1.61287553648e+00
1.11920600858e+01 1.61630901288e+00 1.37213876967e+01 1.61630901288e+00
1.11920600858e+01 1.61974248927e+00 1.37306866953e+01 1.61974248927e+00
1.11920600858e+01 1.62317596567e+00 1.37306866953e+01 1.62317596567e+00
1.11920600858e+01 1.62660944206e+00 1.37399856938e+01 1.62660944206e+00
1.12013590844e+01 1.63004291845e+00 1.37399856938e+01 1.63004291845e+00
1.12013590844e+01 1.63347639485e+00 1.37492846924e+01 1.63347639485e+00
1.12013590844e+01 1.63690987124e+00 1.37492846924e+01 1.63690987124e+00
1.12013590844e+01 1.64034334764e+00 1.37585836910e+01 1.64034334764e+00
1.12106580830e+01 1.64377682403e+00 1.37585836910e+01 1.64377682403e+00
1.12106580830e+01 1.64721030043e+00 1.37678826896e+01 1.64721030043e+00
1.12106580830e+01 1.65064377682e+00 1.37678826896e+01 1.65064377682e+00
1.12106580830e+01 1.65407725322e+00 1.37771816881e+01 1.65407725322e+00
1.12106580830e+01 1.65751072961e+00 1.37771816881e+01 1.65751072961e+00
1.12199570815e+01 1.66094420601e+00 1.37864806867e+01 1.66094420601e+00
1.12199570815e+01 1.66437768240e+00 1.37864806867e+01 1.66437768240e+00
1.12199570815e+01 1.66781115880e+00 1.37957796853e+01 1.66781115880e+00
1.12199570815e+01 1.67124463519e+00 1.37957796853e+01 1.67124463519e+00
1.12292560801e+01 1.67467811159e+00 1.38050786838e+01 1.67467811159e+00
1.12292560801e+01 1.67811158798e+00 1.38050786838e+01 1.67811158798e+00
1.12292560801e+01 1.68154506438e+00 1.38143776824e+01 1.68154506438e+00
1.12292560801e+01 1.68497854077e+00 1.38143776824e+01 1.68497854077e+00
1.12292560801e+01 1.68841201717e+00 1.38236766810e+01 1.68841201717e+00
1.12385550787e+01 1.69184549356e+00 1.38236766810e+01 1.69184549356e+00
1.12385550787e+01 1.69527896996e+00 1.38236766810e+01 1.69527896996e+00
1.12385550787e+01 1.69871244635e+00 1.38329756795e+01 1.69871244635e+00
1.12385550787e+01 1.70214592275e+00 1.38329756795e+01 1.70214592275e+00
1.12385550787e+01 1.70557939914e+00 1.38422746781e+01 1.70557939914e+00
1.12478540773e+01 1.70901287554e+00 1.38422746781e+01 1.70901287554e+00
1.12478540773e+01 1.71244635193e+00 1.38515736767e+01 1.71244635193e+00
1.12478540773e+01 1.71587982833e+00 1.38515736767e+01 1.71587982833e+00
1.12478540773e+01 1.71931330472e+00 1.38515736767e+01 1.71931330472e+00
1.12478540773e+01 1.72274678112e+00 1.38608726753e+01 1.72274678112e+00
1.12571530758e+01 1.72618025751e+00 1.38608726753e+01 1.72618025751e+00
1.12571530758e+01 1.72961373391e+00 1.38701716738e+01 1.72961373391e+00
1.12571530758e+01 1.73304721030e+00 1.38701716738e+01 1.73304721030e+00
1.12571530758e+01 1.73648068670e+00 1.38794706724e+01 1.73648068670e+00
1.12571530758e+01 1.73991416309e+00 1.38794706724e+01 1.73991416309e+00
1.12664520744e+01 1.74334763948e+00 1.38887696710e+01 1.74334763948e+00
1.12664520744e+01 1.74678111588e+00 1.38887696710e+01 1.74678111588e+00
1.12664520744e+01 1.75021459227e+00 1.38980686695e+01 1.75021459227e+00
1.12664520744e+01 1.75364806867e+00 1.38980686695e+01 1.75364806867e+00
1.12664520744e+01 1.75708154506e+00 1.39073676681e+01 1.75708154506e+00
1.12757510730e+01 1.76051502146e+00 1.39073676681e+01 1.76051502146e+00
1.12757510730e+01 1.76394849785e+00 1.39166666667e+01 1.76394849785e+00
1.12757510730e+01 1.76738197425e+00 1.39166666667e+01 1.76738197425e+00
1.12757510730e+01 1.77081545064e+00 1.39166666667e+01 1.77081545064e+00
1.12757510730e+01 1.77424892704e+00 1.39259656652e+01 1.77424892704e+00
1.12850500715e+01 1.77768240343e+00 1.39259656652e+01 1.77768240343e+00
1.12850500715e+01 1.78111587983e+00 1.39352646638e+01 1.78111587983e+00
1.12850500715e+01 1.78454935622e+00 1.39352646638e+01 1.78454935622e+00
1.12850500715e+01 1.78798283262e+00 1.39445636624e+01 1.78798283262e+00
1.12850500715e+01 1.79141630901e+00 1.39445636624e+01 1.79141630901e+00
1.12850500715e+01 1.79484978541e+00 1.39538626609e+01 1.79484978541e+00
1.12943490701e+01 1.79828326180e+00 1.39538626609e+01 1.79828326180e+00
1.12943490701e+01 1.80171673820e+00 1.39538626609e+01 1.80171673820e+00
1.12943490701e+01 1.80515021459e+00 1.39631616595e+01 1.80515021459e+00
1.12943490701e+01 1.80858369099e+00 1.39631616595e+01 1.80858369099e+00
1.12943490701e+01 1.81201716738e+00 1.39724606581e+01 1.81201716738e+00
1.12943490701e+01 1.81545064378e+00 1.39724606581e+01 1.81545064378e+00
1.13036480687e+01 1.81888412017e+00 1.39817596567e+01 1.81888412017e+00
1.13036480687e+01 1.82231759657e+00 1.39817596567e+01 1.82231759657e+00
1.13036480687e+01 1.82575107296e+00 1.39910586552e+01 1.82575107296e+00
1.13036480687e+01 1.82918454936e+00 1.39910586552e+01 1.82918454936e+00
1.13036480687e+01 1.83261802575e+00 1.39910586552e+01 1.83261802575e+00
1.13036480687e+01 1.83605150215e+00 1.40003576538e+01 1.83605150215e+00
1.13036480687e+01 1.83948497854e+00 1.40003576538e+01 1.83948497854e+00
1.13036480687e+01 1.84291845494e+00 1.40096566524e+01 1.84291845494e+00
1.13129470672e+01 1.84635193133e+00 1.40096566524e+01 1.84635193133e+00
1.13129470672e+01 1.84978540773e+00 1.40189556509e+01 1.84978540773e+00
1.13129470672e+01 1.85321888412e+00 1.40189556509e+01 1.85321888412e+00
1.13129470672e+01 1.85665236052e+00 1.40189556509e+01 1.85665236052e+00
1.13129470672e+01 1.86008583691e+00 1.40282546495e+01 1.86008583691e+00
1.13129470672e+01 1.86351931330e+00 1.40282546495e+01 1.86351931330e+00
1.13129470672e+01 1.86695278970e+00 1.40375536481e+01 1.86695278970e+00
1.13129470672e+01 1.87038626609e+00 1.40375536481e+01 1.87038626609e+00
1.13129470672e+01 1.87381974249e+00 1.40468526466e+01 1.87381974249e+00
1.13129470672e+01 1.87725321888e+00 1.40468526466e+01 1.87725321888e+00
1.13222460658e+01 1.88068669528e+00 1.40468526466e+01 1.88068669528e+00
1.13222460658e+01 1.88412017167e+00 1.40561516452e+01 1.88412017167e+00
1.13222460658e+01 1.88755364807e+00 1.40561516452e+01 1.88755364807e+00
1.13222460658e+01 1.89098712446e+00 1.40654506438e+01 1.89098712446e+00
1.13222460658e+01 1.89442060086e+00 1.40654506438e+01 1.89442060086e+00
1.13222460658e+01 1.89785407725e+00 1.40654506438e+01 1.89785407725e+00
1.13222460658e+01 1.90128755365e+00 1.40747496423e+01 1.90128755365e+00
1.13222460658e+01 1.90472103004e+00 1.40747496423e+01 1.90472103004e+00
1.13222460658e+01 1.90815450644e+00 1.40747496423e+01 1.90815450644e+00
1.13222460658e+01 1.91158798283e+00 1.40840486409e+01 1.91158798283e+00
1.13315450644e+01 1.91502145923e+00 1.40840486409e+01 1.91502145923e+00
1.13315450644e+01 1.91845493562e+00 1.40933476395e+01 1.91845493562e+00
1.13315450644e+01 1.92188841202e+00 1.40933476395e+01 1.92188841202e+00
1.13315450644e+01 1.92532188841e+00 1.40933476395e+01 1.92532188841e+00
1.13315450644e+01 1.92875536481e+00 1.41026466381e+01 1.92875536481e+00
1.13315450644e+01 1.93218884120e+00 1.41026466381e+01 1.93218884120e+00
1.13315450644e+01 1.93562231760e+00 1.41119456366e+01 1.93562231760e+00
1.13315450644e+01 1.93905579399e+00 1.41119456366e+01 1.93905579399e+00
1.13315450644e+01 1.94248927039e+00 1.41119456366e+01 1.94248927039e+00
1.13315450644e+01 1.94592274678e+00 1.41212446352e+01 1.94592274678e+00
1.13408440629e+01 1.94935622318e+00 1.41212446352e+01 1.94935622318e+00
1.13408440629e+01 1.95278969957e+00 1.41212446352e+01 1.95278969957e+00
1.13408440629e+01 1.95622317597e+00 1.41305436338e+01 1.95622317597e+00
1.13408440629e+01 1.95965665236e+00 1.41305436338e+01 1.95965665236e+00
1.13408440629e+01 1.96309012876e+00 1.41398426323e+01 1.96309012876e+00
1.13408440629e+01 1.96652360515e+00 1.41398426323e+01 1.96652360515e+00
1.13408440629e+01 1.96995708155e+00 1.41398426323e+01 1.96995708155e+00
1.13408440629e+01 1.97339055794e+00 1.41491416309e+01 1.97339055794e+00
1.13408440629e+01 1.97682403433e+00 1.41491416309e+01 1.97682403433e+00
1.13408440629e+01 1.98025751073e+00 1.41491416309e+01 1.98025751073e+00
1.13315450644e+01 1.98369098712e+00 1.41584406295e+01 1.98369098712e+00
1.13315450644e+01 1.98712446352e+00 1.41584406295e+01 1.98712446352e+00
1.13315450644e+01 1.99055793991e+00 1.41677396280e+01 1.99055793991e+00
1.13315450644e+01 1.99399141631e+00 1.41677396280e+01 1.99399141631e+00
1.13315450644e+01 1.99742489270e+00 1.41677396280e+01 1.99742489270e+00
1.13315450644e+01 2.00085836910e+00 1.41770386266e+01 2.00085836910e+00
1.13315450644e+01 2.00429184549e+00 1.41770386266e+01 2.00429184549e+00
1.13315450644e+01 2.00772532189e+00 1.41770386266e+01 2.00772532189e+00
1.13315450644e+01 2.01115879828e+00 1.41863376252e+01 2.01115879828e+00
1.13222460658e+01 2.01459227468e+00 1.41863376252e+01 2.01459227468e+00
1.13222460658e+01 2.01802575107e+00 1.41863376252e+01 2.01802575107e+00
1.13222460658e+01 2.02145922747e+00 1.41956366237e+01 2.02145922747e+00
1.13222460658e+01 2.02489270386e+00 1.41956366237e+01 2.02489270386e+00
1.13222460658e+01 2.02832618026e+00 1.42049356223e+01 2.02832618026e+00
1.13222460658e+01 2.03175965665e+00 1.42049356223e+01 2.03175965665e+00
1.13222460658e+01 2.03519313305e+00 1.42049356223e+01 2.03519313305e+00
1.13222460658e+01 2.03862660944e+00 1.42142346209e+01 2.03862660944e+00
1.13222460658e+01 2.04206008584e+00 1.42142346209e+01 2.04206008584e+00
1.13129470672e+01 2.04549356223e+00 1.42142346209e+01 2.04549356223e+00
1.13129470672e+01 2.04892703863e+00 1.42235336195e+01 2.04892703863e+00
1.13129470672e+01 2.05236051502e+00 1.42235336195e+01 2.05236051502e+00
1.13129470672e+01 2.05579399142e+00 1.42235336195e+01 2.05579399142e+00
1.13129470672e+01 2.05922746781e+00 1.42328326180e+01 2.05922746781e+00
1.13129470672e+01 2.06266094421e+00 1.42328326180e+01 2.06266094421e+00
1.13129470672e+01 2.06609442060e+00 1.42328326180e+01 2.06609442060e+00
1.13129470672e+01 2.06952789700e+00 1.42421316166e+01 2.06952789700e+00
1.13129470672e+01 2.07296137339e+00 1.42421316166e+01 2.07296137339e+00
1.13036480687e+01 2.07639484979e+00 1.42421316166e+01 2.07639484979e+00
1.13036480687e+01 2.07982832618e+00 1.42514306152e+01 2.07982832618e+00
1.13036480687e+01 2.08326180258e+00 1.42514306152e+01 2.08326180258e+00
1.13036480687e+01 2.08669527897e+00 1.42514306152e+01 2.08669527897e+00
1.13036480687e+01 2.09012875536e+00 1.42607296137e+01 2.09012875536e+00
1.12943490701e+01 2.09356223176e+00 1.42607296137e+01 2.09356223176e+00
1.12943490701e+01 2.09699570815e+00 1.42607296137e+01 2.09699570815e+00
1.12943490701e+01 2.10042918455e+00 1.42700286123e+01 2.10042918455e+00
1.12943490701e+01 2.10386266094e+00 1.42700286123e+01 2.10386266094e+00
1.12943490701e+01 2.10729613734e+00 1.42700286123e+01 2.10729613734e+00
1.12850500715e+01 2.11072961373e+00 1.42793276109e+01 2.11072961373e+00
1.12850500715e+01 2.11416309013e+00 1.42793276109e+01 2.11416309013e+00
1.12850500715e+01 2.11759656652e+00 1.42793276109e+01 2.11759656652e+00
1.12850500715e+01 2.12103004292e+00 1.42886266094e+01 2.12103004292e+00
1.12850500715e+01 2.12446351931e+00 1.42886266094e+01 2.12446351931e+00
1.12757510730e+01 2.12789699571e+00 1.42886266094e+01 2.12789699571e+00
1.12757510730e+01 2.13133047210e+00 1.42979256080e+01 2.13133047210e+00
1.12757510730e+01 2.13476394850e+00 1.42979256080e+01 2.13476394850e+00
1.12757510730e+01 2.13819742489e+00 1.42979256080e+01 2.13819742489e+00
1.12664520744e+01 2.14163090129e+00 1.43072246066e+01 2.14163090129e+00
1.12664520744e+01 2.14506437768e+00 1.43072246066e+01 2.14506437768e+00
1.12664520744e+01 2.14849785408e+00 1.43165236052e+01 2.14849785408e+00
1.12664520744e+01 2.15193133047e+00 1.43165236052e+01 2.15193133047e+00
1.12664520744e+01 2.15536480687e+00 1.43165236052e+01 2.15536480687e+00
1.12571530758e+01 2.15879828326e+00 1.43258226037e+01 2.15879828326e+00
1.12571530758e+01 2.16223175966e+00 1.43258226037e+01 2.16223175966e+00
1.12571530758e+01 2.16566523605e+00 1.43351216023e+01 2.16566523605e+00
1.12478540773e+01 2.16909871245e+00 1.43351216023e+01 2.16909871245e+00
1.12478540773e+01 2.17253218884e+00 1.43351216023e+01 2.17253218884e+00
1.12478540773e+01 2.17596566524e+00 1.43444206009e+01 2.17596566524e+00
1.12385550787e+01 2.17939914163e+00 1.43444206009e+01 2.17939914163e+00
1.12385550787e+01 2.18283261803e+00 1.43444206009e+01 2.18283261803e+00
1.12385550787e+01 2.18626609442e+00 1.43537195994e+01 2.18626609442e+00
1.12292560801e+01 2.18969957082e+00 1.43537195994e+01 2.18969957082e+00
1.12292560801e+01 2.19313304721e+00 1.43537195994e+01 2.19313304721e+00
1.12292560801e+01 2.19656652361e+00 1.43630185980e+01 2.19656652361e+00
1.12199570815e+01 2.20000000000e+00 1.43630185980e+01 2.20000000000e+00
1.12199570815e+01 2.20343347639e+00 1.43630185980e+01 2.20343347639e+00
1.12199570815e+01 2.20686695279e+00 1.43723175966e+01 2.20686695279e+00
1.12106580830e+01 2.21030042918e+00 1.43723175966e+01 2.21030042918e+00
1.12106580830e+01 2.21373390558e+00 1.43723175966e+01 2.21373390558e+00
1.12106580830e+01 2.21716738197e+00 1.43816165951e+01 2.21716738197e+00
1.12013590844e+01 2.22060085837e+00 1.43816165951e+01 2.22060085837e+00
1.12013590844e+01 2.22403433476e+00 1.43816165951e+01 2.22403433476e+00
1.11920600858e+01 2.22746781116e+00 1.43909155937e+01 2.22746781116e+00
1.11920600858e+01 2.23090128755e+00 1.43909155937e+01 2.23090128755e+00
1.11827610873e+01 2.23433476395e+00 1.44002145923e+01 2.23433476395e+00
1.11827610873e+01 2.23776824034e+00 1.44002145923e+01 2.23776824034e+00
1.11734620887e+01 2.24120171674e+00 1.44002145923e+01 2.24120171674e+00
1.11734620887e+01 2.24463519313e+00 1.44095135908e+01 2.24463519313e+00
1.11641630901e+01 2.24806866953e+00 1.44095135908e+01 2.24806866953e+00
1.11641630901e+01 2.25150214592e+00 1.44095135908e+01 2.25150214592e+00
1.11548640916e+01 2.25493562232e+00 1.44188125894e+01 2.25493562232e+00
1.11548640916e+01 2.25836909871e+00 1.44188125894e+01 2.25836909871e+00
1.11455650930e+01 2.26180257511e+00 1.44188125894e+01 2.26180257511e+00
1.11362660944e+01 2.26523605150e+00 1.44281115880e+01 2.26523605150e+00
1.11362660944e+01 2.26866952790e+00 1.44281115880e+01 2.26866952790e+00
1.11269670959e+01 2.27210300429e+00 1.44281115880e+01 2.27210300429e+00
1.11269670959e+01 2.27553648069e+00 1.44281115880e+01 2.27553648069e+00
1.11176680973e+01 2.27896995708e+00 1.44374105866e+01 2.27896995708e+00
1.11083690987e+01 2.28240343348e+00 1.44374105866e+01 2.28240343348e+00
1.10990701001e+01 2.28583690987e+00 1.44374105866e+01 2.28583690987e+00
1.10990701001e+01 2.28927038627e+00 1.44467095851e+01 2.28927038627e+00
1.10897711016e+01 2.29270386266e+00 1.44467095851e+01 2.29270386266e+00
1.10804721030e+01 2.29613733906e+00 1.44467095851e+01 2.29613733906e+00
1.10711731044e+01 2.29957081545e+00 1.44560085837e+01 2.29957081545e+00
1.10618741059e+01 2.30300429185e+00 1.44560085837e+01 2.30300429185e+00
1.10525751073e+01 2.30643776824e+00 1.44560085837e+01 2.30643776824e+00
1.10432761087e+01 2.30987124464e+00 1.44560085837e+01 2.30987124464e+00
1.10339771102e+01 2.31330472103e+00 1.44653075823e+01 2.31330472103e+00
1.10246781116e+01 2.31673819742e+00 1.44653075823e+01 2.31673819742e+00
1.10153791130e+01 2.32017167382e+00 1.44653075823e+01 2.32017167382e+00
1.10060801144e+01 2.32360515021e+00 1.44746065808e+01 2.32360515021e+00
1.09967811159e+01 2.32703862661e+00 1.44746065808e+01 2.32703862661e+00
1.09874821173e+01 2.33047210300e+00 1.44746065808e+01 2.33047210300e+00
1.09688841202e+01 2.33390557940e+00 1.44839055794e+01 2.33390557940e+00
1.09595851216e+01 2.33733905579e+00 1.44839055794e+01 2.33733905579e+00
1.09409871245e+01 2.34077253219e+00 1.44839055794e+01 2.34077253219e+00
1.09316881259e+01 2.34420600858e+00 1.44932045780e+01 2.34420600858e+00
1.09130901288e+01 2.34763948498e+00 1.44932045780e+01 2.34763948498e+00
1.08944921316e+01 2.35107296137e+00 1.44932045780e+01 2.35107296137e+00
1.08665951359e+01 2.35450643777e+00 1.45025035765e+01 2.35450643777e+00
1.08479971388e+01 2.35793991416e+00 1.45025035765e+01 2.35793991416e+00
1.08108011445e+01 2.36137339056e+00 1.45025035765e+01 2.36137339056e+00
1.07643061516e+01 2.36480686695e+00 1.45118025751e+01 2.36480686695e+00
1.07643061516e+01 2.36824034335e+00 1.45118025751e+01 2.36824034335e+00
1.09874821173e+01 2.37167381974e+00 1.45118025751e+01 2.37167381974e+00
1.09409871245e+01 2.37510729614e+00 1.45211015737e+01 2.37510729614e+00
1.10339771102e+01 2.37854077253e+00 1.45211015737e+01 2.37854077253e+00
1.10060801144e+01 2.38197424893e+00 1.45211015737e+01 2.38197424893e+00
1.09781831187e+01 2.38540772532e+00 1.45211015737e+01 2.38540772532e+00
1.09502861230e+01 2.38884120172e+00 1.45304005722e+01 2.38884120172e+00
1.08944921316e+01 2.39227467811e+00 1.45304005722e+01 2.39227467811e+00
1.08944921316e+01 2.39570815451e+00 1.45304005722e+01 2.39570815451e+00
1.10153791130e+01 2.39914163090e+00 1.45396995708e+01 2.39914163090e+00
1.09502861230e+01 2.40257510730e+00 1.45396995708e+01 2.40257510730e+00
1.10432761087e+01 2.40600858369e+00 1.45396995708e+01 2.40600858369e+00
1.10525751073e+01 2.40944206009e+00 1.45396995708e+01 2.40944206009e+00
1.09967811159e+01 2.41287553648e+00 1.45489985694e+01 2.41287553648e+00
1.09409871245e+01 2.41630901288e+00 1.45489985694e+01 2.41630901288e+00
1.10897711016e+01 2.41974248927e+00 1.45489985694e+01 2.41974248927e+00
1.11269670959e+01 2.42317596567e+00 1.45582975680e+01 2.42317596567e+00
1.10990701001e+01 2.42660944206e+00 1.45582975680e+01 2.42660944206e+00
1.10897711016e+01 2.43004291845e+00 1.45582975680e+01 2.43004291845e+00
1.10525751073e+01 2.43347639485e+00 1.45675965665e+01 2.43347639485e+00
1.11362660944e+01 2.43690987124e+00 1.45675965665e+01 2.43690987124e+00
1.11083690987e+01 2.44034334764e+00 1.45675965665e+01 2.44034334764e+00
1.11641630901e+01 2.44377682403e+00 1.45675965665e+01 2.44377682403e+00
1.11548640916e+01 2.44721030043e+00 1.45768955651e+01 2.44721030043e+00
1.11362660944e+01 2.45064377682e+00 1.45768955651e+01 2.45064377682e+00
1.11176680973e+01 2.45407725322e+00 1.45768955651e+01 2.45407725322e+00
1.10897711016e+01 2.45751072961e+00 1.45768955651e+01 2.45751072961e+00
1.10525751073e+01 2.46094420601e+00 1.45861945637e+01 2.46094420601e+00
1.10432761087e+01 2.46437768240e+00 1.45861945637e+01 2.46437768240e+00
1.13594420601e+01 2.46781115880e+00 1.45861945637e+01 2.46781115880e+00
1.13501430615e+01 2.47124463519e+00 1.45861945637e+01 2.47124463519e+00
1.13129470672e+01 2.47467811159e+00 1.45954935622e+01 2.47467811159e+00
1.13222460658e+01 2.47811158798e+00 1.45954935622e+01 2.47811158798e+00
1.13873390558e+01 2.48154506438e+00 1.45954935622e+01 2.48154506438e+00
1.13873390558e+01 2.48497854077e+00 1.45954935622e+01 2.48497854077e+00
1.14059370529e+01 2.48841201717e+00 1.46047925608e+01 2.48841201717e+00
1.13687410587e+01 2.49184549356e+00 1.46047925608e+01 2.49184549356e+00
1.14524320458e+01 2.49527896996e+00 1.46047925608e+01 2.49527896996e+00
1.13780400572e+01 2.49871244635e+00 1.46047925608e+01 2.49871244635e+00
1.14245350501e+01 2.50214592275e+00 1.46140915594e+01 2.50214592275e+00
1.14059370529e+01 2.50557939914e+00 1.46140915594e+01 2.50557939914e+00
1.14431330472e+01 2.50901287554e+00 1.46140915594e+01 2.50901287554e+00
1.15175250358e+01 2.51244635193e+00 1.46140915594e+01 2.51244635193e+00
1.14617310443e+01 2.51587982833e+00 1.46140915594e+01 2.51587982833e+00
1.14896280401e+01 2.51931330472e+00 1.46233905579e+01 2.51931330472e+00
1.14617310443e+01 2.52274678112e+00 1.46233905579e+01 2.52274678112e+00
1.15826180258e+01 2.52618025751e+00 1.46233905579e+01 2.52618025751e+00
1.15268240343e+01 2.52961373391e+00 1.46233905579e+01 2.52961373391e+00
1.15268240343e+01 2.53304721030e+00 1.46326895565e+01 2.53304721030e+00
1.15826180258e+01 2.53648068670e+00 1.46326895565e+01 2.53648068670e+00
1.14710300429e+01 2.53991416309e+00 1.46326895565e+01 2.53991416309e+00
1.15547210300e+01 2.54334763948e+00 1.46326895565e+01 2.54334763948e+00
1.16105150215e+01 2.54678111588e+00 1.46326895565e+01 2.54678111588e+00
1.16663090129e+01 2.55021459227e+00 1.46419885551e+01 2.55021459227e+00
1.16570100143e+01 2.55364806867e+00 1.46419885551e+01 2.55364806867e+00
1.16663090129e+01 2.55708154506e+00 1.46419885551e+01 2.55708154506e+00
1.16942060086e+01 2.56051502146e+00 1.46419885551e+01 2.56051502146e+00
1.16756080114e+01 2.56394849785e+00 1.46419885551e+01 2.56394849785e+00
1.17314020029e+01 2.56738197425e+00 1.46512875536e+01 2.56738197425e+00
1.17035050072e+01 2.57081545064e+00 1.46512875536e+01 2.57081545064e+00
1.16942060086e+01 2.57424892704e+00 1.46512875536e+01 2.57424892704e+00
1.18243919886e+01 2.57768240343e+00 1.46512875536e+01 2.57768240343e+00
1.17871959943e+01 2.58111587983e+00 1.46605865522e+01 2.58111587983e+00
1.17592989986e+01 2.58454935622e+00 1.46605865522e+01 2.58454935622e+00
1.18615879828e+01 2.58798283262e+00 1.46605865522e+01 2.58798283262e+00
1.18243919886e+01 2.59141630901e+00 1.46605865522e+01 2.59141630901e+00
1.18243919886e+01 2.59484978541e+00 1.46605865522e+01 2.59484978541e+00
1.17685979971e+01 2.59828326180e+00 1.46605865522e+01 2.59828326180e+00
1.17500000000e+01 2.60171673820e+00 1.46698855508e+01 2.60171673820e+00
1.18429899857e+01 2.60515021459e+00 1.46698855508e+01 2.60515021459e+00
1.19173819742e+01 2.60858369099e+00 1.46698855508e+01 2.60858369099e+00
1.19452789700e+01 2.61201716738e+00 1.46698855508e+01 2.61201716738e+00
1.20661659514e+01 2.61545064378e+00 1.46698855508e+01 2.61545064378e+00
1.20382689557e+01 2.61888412017e+00 1.46698855508e+01 2.61888412017e+00
1.20103719599e+01 2.62231759657e+00 1.46698855508e+01 2.62231759657e+00
1.19731759657e+01 2.62575107296e+00 1.46791845494e+01 2.62575107296e+00
1.19545779685e+01 2.62918454936e+00 1.46791845494e+01 2.62918454936e+00
1.19824749642e+01 2.63261802575e+00 1.46791845494e+01 2.63261802575e+00
1.19359799714e+01 2.63605150215e+00 1.46791845494e+01 2.63605150215e+00
1.18987839771e+01 2.63948497854e+00 1.46791845494e+01 2.63948497854e+00
1.19824749642e+01 2.64291845494e+00 1.46791845494e+01 2.64291845494e+00
1.19638769671e+01 2.64635193133e+00 1.46791845494e+01 2.64635193133e+00
1.21405579399e+01 2.64978540773e+00 1.46791845494e+01 2.64978540773e+00
1.21591559371e+01 2.65321888412e+00 1.46791845494e+01 2.65321888412e+00
1.21126609442e+01 2.65665236052e+00 1.46884835479e+01 2.65665236052e+00
1.21126609442e+01 2.66008583691e+00 1.46884835479e+01 2.66008583691e+00
1.21126609442e+01 2.66351931330e+00 1.46884835479e+01 2.66351931330e+00
1.21219599428e+01 2.66695278970e+00 1.46884835479e+01 2.66695278970e+00
1.20754649499e+01 2.67038626609e+00 1.46884835479e+01 2.67038626609e+00
1.19824749642e+01 2.67381974249e+00 1.46884835479e+01 2.67381974249e+00
1.22428469242e+01 2.67725321888e+00 1.46884835479e+01 2.67725321888e+00
1.21591559371e+01 2.68068669528e+00 1.46884835479e+01 2.68068669528e+00
1.21963519313e+01 2.68412017167e+00 1.46884835479e+01 2.68412017167e+00
1.21591559371e+01 2.68755364807e+00 1.46884835479e+01 2.68755364807e+00
1.21033619456e+01 2.69098712446e+00 1.46977825465e+01 2.69098712446e+00
1.21498569385e+01 2.69442060086e+00 1.46977825465e+01 2.69442060086e+00
1.22707439199e+01 2.69785407725e+00 1.46977825465e+01 2.69785407725e+00
1.21777539342e+01 2.70128755365e+00 1.46977825465e+01 2.70128755365e+00
1.21777539342e+01 2.70472103004e+00 1.46977825465e+01 2.70472103004e+00
1.22707439199e+01 2.70815450644e+00 1.46977825465e+01 2.70815450644e+00
1.22242489270e+01 2.71158798283e+00 1.46977825465e+01 2.71158798283e+00
1.21963519313e+01 2.71502145923e+00 1.46977825465e+01 2.71502145923e+00
1.22893419170e+01 2.71845493562e+00 1.46977825465e+01 2.71845493562e+00
1.22707439199e+01 2.72188841202e+00 1.46977825465e+01 2.72188841202e+00
1.24288268956e+01 2.72532188841e+00 1.46977825465e+01 2.72532188841e+00
1.24195278970e+01 2.72875536481e+00 1.46977825465e+01 2.72875536481e+00
1.23916309013e+01 2.73218884120e+00 1.46977825465e+01 2.73218884120e+00
1.23451359084e+01 2.73562231760e+00 1.46977825465e+01 2.73562231760e+00
1.23265379113e+01 2.73905579399e+00 1.46977825465e+01 2.73905579399e+00
1.24660228898e+01 2.74248927039e+00 1.46977825465e+01 2.74248927039e+00
1.25311158798e+01 2.74592274678e+00 1.46977825465e+01 2.74592274678e+00
1.25125178827e+01 2.74935622318e+00 1.46977825465e+01 2.74935622318e+00
1.24567238913e+01 2.75278969957e+00 1.46977825465e+01 2.75278969957e+00
1.24102288984e+01 2.75622317597e+00 1.46977825465e+01 2.75622317597e+00
1.26148068670e+01 2.75965665236e+00 1.46977825465e+01 2.75965665236e+00
1.25776108727e+01 2.76309012876e+00 1.46977825465e+01 2.76309012876e+00
1.25032188841e+01 2.76652360515e+00 1.46977825465e+01 2.76652360515e+00
1.24939198856e+01 2.76995708155e+00 1.46977825465e+01 2.76995708155e+00
1.25311158798e+01 2.77339055794e+00 1.46977825465e+01 2.77339055794e+00
1.26055078684e+01 2.77682403433e+00 1.46977825465e+01 2.77682403433e+00
1.25962088698e+01 2.78025751073e+00 1.46977825465e+01 2.78025751073e+00
1.27077968526e+01 2.78369098712e+00 1.46977825465e+01 2.78369098712e+00
1.27170958512e+01 2.78712446352e+00 1.46977825465e+01 2.78712446352e+00
1.26613018598e+01 2.79055793991e+00 1.46977825465e+01 2.79055793991e+00
1.27077968526e+01 2.79399141631e+00 1.46977825465e+01 2.79399141631e+00
1.26891988555e+01 2.79742489270e+00 1.46977825465e+01 2.79742489270e+00
1.27170958512e+01 2.80085836910e+00 1.46977825465e+01 2.80085836910e+00
1.27635908441e+01 2.80429184549e+00 1.46977825465e+01 2.80429184549e+00
1.28193848355e+01 2.80772532189e+00 1.46977825465e+01 2.80772532189e+00
1.28100858369e+01 2.81115879828e+00 1.46884835479e+01 2.81115879828e+00
1.28472818312e+01 2.81459227468e+00 1.46884835479e+01 2.81459227468e+00
1.29030758226e+01 2.81802575107e+00 1.46884835479e+01 2.81802575107e+00
1.28472818312e+01 2.82145922747e+00 1.46884835479e+01 2.82145922747e+00
1.28472818312e+01 2.82489270386e+00 1.46884835479e+01 2.82489270386e+00
1.29123748212e+01 2.82832618026e+00 1.46884835479e+01 2.82832618026e+00
1.30053648069e+01 2.83175965665e+00 1.46884835479e+01 2.83175965665e+00
1.29867668097e+01 2.83519313305e+00 1.46791845494e+01 2.83519313305e+00
1.29123748212e+01 2.83862660944e+00 1.46791845494e+01 2.83862660944e+00
1.29030758226e+01 2.84206008584e+00 1.46791845494e+01 2.84206008584e+00
1.30239628040e+01 2.84549356223e+00 1.46791845494e+01 2.84549356223e+00
1.29867668097e+01 2.84892703863e+00 1.46791845494e+01 2.84892703863e+00
1.29309728183e+01 2.85236051502e+00 1.46698855508e+01 2.85236051502e+00
1.29030758226e+01 2.85579399142e+00 1.46698855508e+01 2.85579399142e+00
1.29309728183e+01 2.85922746781e+00 1.46698855508e+01 2.85922746781e+00
1.30146638054e+01 2.86266094421e+00 1.46698855508e+01 2.86266094421e+00
1.29867668097e+01 2.86609442060e+00 1.46605865522e+01 2.86609442060e+00
1.29402718169e+01 2.86952789700e+00 1.46605865522e+01 2.86952789700e+00
1.29681688126e+01 2.87296137339e+00 1.46605865522e+01 2.87296137339e+00
1.31262517883e+01 2.87639484979e+00 1.46512875536e+01 2.87639484979e+00
1.30890557940e+01 2.87982832618e+00 1.46512875536e+01 2.87982832618e+00
1.30425608011e+01 2.88326180258e+00 1.46419885551e+01 2.88326180258e+00
1.29774678112e+01 2.88669527897e+00 1.46419885551e+01 2.88669527897e+00
1.29588698140e+01 2.89012875536e+00 1.46419885551e+01 2.89012875536e+00
1.30890557940e+01 2.89356223176e+00 1.46419885551e+01 2.89356223176e+00
1.30611587983e+01 2.89699570815e+00 1.46419885551e+01 2.89699570815e+00
1.30146638054e+01 2.90042918455e+00 1.46419885551e+01 2.90042918455e+00
1.29681688126e+01 2.90386266094e+00 1.46419885551e+01 2.90386266094e+00
1.30332618026e+01 2.90729613734e+00 1.46419885551e+01 2.90729613734e+00
1.30053648069e+01 2.91072961373e+00 1.46419885551e+01 2.91072961373e+00
1.29495708155e+01 2.91416309013e+00 1.46419885551e+01 2.91416309013e+00
1.29216738197e+01 2.91759656652e+00 1.46419885551e+01 2.91759656652e+00
1.32750357654e+01 2.92103004292e+00 1.46419885551e+01 2.92103004292e+00
1.32471387697e+01 2.92446351931e+00 1.46419885551e+01 2.92446351931e+00
1.31913447783e+01 2.92789699571e+00 1.46419885551e+01 2.92789699571e+00
1.32378397711e+01 2.93133047210e+00 1.46419885551e+01 2.93133047210e+00
1.32099427754e+01 2.93476394850e+00 1.46419885551e+01 2.93476394850e+00
1.31820457797e+01 2.93819742489e+00 1.46419885551e+01 2.93819742489e+00
1.31541487840e+01 2.94163090129e+00 1.46419885551e+01 2.94163090129e+00
1.31076537911e+01 2.94506437768e+00 1.46419885551e+01 2.94506437768e+00
1.30146638054e+01 2.94849785408e+00 1.46419885551e+01 2.94849785408e+00
1.32936337625e+01 2.95193133047e+00 1.46419885551e+01 2.95193133047e+00
1.32657367668e+01 2.95536480687e+00 1.46419885551e+01 2.95536480687e+00
1.32378397711e+01 2.95879828326e+00 1.46419885551e+01 2.95879828326e+00
1.33494277539e+01 2.96223175966e+00 1.46419885551e+01 2.96223175966e+00
1.32657367668e+01 2.96566523605e+00 1.46419885551e+01 2.96566523605e+00
1.32192417740e+01 2.96909871245e+00 1.46419885551e+01 2.96909871245e+00
1.34889127325e+01 2.97253218884e+00 1.46419885551e+01 2.97253218884e+00
1.34703147353e+01 2.97596566524e+00 1.46419885551e+01 2.97596566524e+00
1.34982117310e+01 2.97939914163e+00 1.46419885551e+01 2.97939914163e+00
1.34703147353e+01 2.98283261803e+00 1.46419885551e+01 2.98283261803e+00
1.34145207439e+01 2.98626609442e+00 1.46419885551e+01 2.98626609442e+00
1.35261087268e+01 2.98969957082e+00 1.46419885551e+01 2.98969957082e+00
1.35633047210e+01 2.99313304721e+00 1.46419885551e+01 2.99313304721e+00
1.35261087268e+01 2.99656652361e+00 1.46419885551e+01 2.99656652361e+00
1.35261087268e+01 3.00000000000e+00 1.46419885551e+01 3.00000000000e+00
1.36469957082e+01 3.00343347639e+00 1.46419885551e+01 3.00343347639e+00
1.35633047210e+01 3.00686695279e+00 1.46419885551e+01 3.00686695279e+00
1.35633047210e+01 3.01030042918e+00 1.46326895565e+01 3.01030042918e+00
1.36748927039e+01 3.01373390558e+00 1.46326895565e+01 3.01373390558e+00
1.36655937053e+01 3.01716738197e+00 1.46326895565e+01 3.01716738197e+00
1.36376967096e+01 3.02060085837e+00 1.46326895565e+01 3.02060085837e+00
1.36005007153e+01 3.02403433476e+00 1.46326895565e+01 3.02403433476e+00
1.35912017167e+01 3.02746781116e+00 1.46326895565e+01 3.02746781116e+00
1.35912017167e+01 3.03090128755e+00 1.46326895565e+01 3.03090128755e+00
1.37399856938e+01 3.03433476395e+00 1.46326895565e+01 3.03433476395e+00
1.37027896996e+01 3.03776824034e+00 1.46326895565e+01 3.03776824034e+00
1.36841917024e+01 3.04120171674e+00 1.46233905579e+01 3.04120171674e+00
1.37027896996e+01 3.04463519313e+00 1.46233905579e+01 3.04463519313e+00
1.37492846924e+01 3.04806866953e+00 1.46233905579e+01 3.04806866953e+00
1.38050786838e+01 3.05150214592e+00 1.46233905579e+01 3.05150214592e+00
1.39166666667e+01 3.05493562232e+00 1.46233905579e+01 3.05493562232e+00
1.38980686695e+01 3.05836909871e+00 1.46140915594e+01 3.05836909871e+00
1.38980686695e+01 3.06180257511e+00 1.46140915594e+01 3.06180257511e+00
1.40282546495e+01 3.06523605150e+00 1.46140915594e+01 3.06523605150e+00
1.39631616595e+01 3.06866952790e+00 1.46140915594e+01 3.06866952790e+00
1.39538626609e+01 3.07210300429e+00 1.46047925608e+01 3.07210300429e+00
1.39631616595e+01 3.07553648069e+00 1.46047925608e+01 3.07553648069e+00
1.39352646638e+01 3.07896995708e+00 1.46047925608e+01 3.07896995708e+00
1.39631616595e+01 3.08240343348e+00 1.46047925608e+01 3.08240343348e+00
1.39352646638e+01 3.08583690987e+00 1.45954935622e+01 3.08583690987e+00
1.40096566524e+01 3.08927038627e+00 1.45954935622e+01 3.08927038627e+00
1.39910586552e+01 3.09270386266e+00 1.45954935622e+01 3.09270386266e+00
1.39724606581e+01 3.09613733906e+00 1.45861945637e+01 3.09613733906e+00
1.39538626609e+01 3.09957081545e+00 1.45861945637e+01 3.09957081545e+00
1.39166666667e+01 3.10300429185e+00 1.45768955651e+01 3.10300429185e+00
1.38701716738e+01 3.10643776824e+00 1.45768955651e+01 3.10643776824e+00
1.41026466381e+01 3.10987124464e+00 1.45768955651e+01 3.10987124464e+00
1.41212446352e+01 3.11330472103e+00 1.45675965665e+01 3.11330472103e+00
1.41119456366e+01 3.11673819742e+00 1.45675965665e+01 3.11673819742e+00
1.40933476395e+01 3.12017167382e+00 1.45582975680e+01 3.12017167382e+00
1.40747496423e+01 3.12360515021e+00 1.45582975680e+01 3.12360515021e+00
1.40561516452e+01 3.12703862661e+00 1.45489985694e+01 3.12703862661e+00
1.40282546495e+01 3.13047210300e+00 1.45396995708e+01 3.13047210300e+00
1.40003576538e+01 3.13390557940e+00 1.45396995708e+01 3.13390557940e+00
1.39910586552e+01 3.13733905579e+00 1.45304005722e+01 3.13733905579e+00
1.41956366237e+01 3.14077253219e+00 1.45211015737e+01 3.14077253219e+00
1.41398426323e+01 3.14420600858e+00 1.45211015737e+01 3.14420600858e+00
1.41305436338e+01 3.14763948498e+00 1.45118025751e+01 3.14763948498e+00
1.44188125894e+01 3.15107296137e+00 1.45025035765e+01 3.15107296137e+00
1.44095135908e+01 3.15450643777e+00 1.44932045780e+01 3.15450643777e+00
1.43909155937e+01 3.15793991416e+00 1.44839055794e+01 3.15793991416e+00
1.43723175966e+01 3.16137339056e+00 1.44746065808e+01 3.16137339056e+00
1.43630185980e+01 3.16480686695e+00 1.44653075823e+01 3.16480686695e+00
1.43351216023e+01 3.16824034335e+00 1.44467095851e+01 3.16824034335e+00
1.42979256080e+01 3.17167381974e+00 1.44188125894e+01 3.17167381974e+00
1.42886266094e+01 3.17510729614e+00 1.44002145923e+01 3.17510729614e+00
