2.1	0.05144982659261529	0.23606256514330984
2.105	0.06147056404446823	0.2504524906975354
2.11	0.07183134316782963	0.2637645277423564
2.115	0.08252588388729248	0.2768043348367315
2.12	0.09364655080610823	0.28876492306906004
2.125	0.1045845545978469	0.3030178615028671
2.13	0.11524558613857225	0.3170676139226276
2.1350000000000002	0.12580816691736535	0.33091994086728116
2.14	0.13659519476626955	0.34403587801046254
2.145	0.14780677520408048	0.3569499750471095
2.15	0.15830519808328272	0.37005442586893744
2.1550000000000002	0.16850248508234275	0.3840270147231124
2.16	0.17903637909858677	0.39732680025526357
2.165	0.18994998647140804	0.4102496845320331
2.17	0.20100865789353406	0.4233123501712909
2.1750000000000003	0.2113065579450638	0.43721878465866265
2.18	0.22159693100674768	0.45114554426039755
2.185	0.23218074186500767	0.4645762393885478
2.19	0.2430453496639473	0.4778207220428089
2.1950000000000003	0.2542972852888302	0.4902637379043536
2.2	0.2651375139975329	0.5038279364415555
2.205	0.27564533032015515	0.5172507688955079
2.21	0.2860738927223052	0.5310221281978789
2.2150000000000003	0.29655587197073163	0.5440349149510412
2.22	0.3073318671611142	0.5572153545134445
2.225	0.3173052401965601	0.5721753124303715
2.23	0.331880147763393	0.5876023586982129
2.2350000000000003	0.3472228615824624	0.6024589202800508
2.24	0.3630645980931068	0.616732518695131
2.245	0.3791557120637144	0.6305878198308325
2.25	0.39337677031015195	0.646677236391135
2.255	0.40740697191365566	0.6625770899351886
2.2600000000000002	0.42179925397400825	0.6778181686757007
2.265	0.43650344446058637	0.6925982970968483
2.27	0.4513986343487806	0.7070715774225
2.275	0.4650912180201182	0.72315251597126
2.2800000000000002	0.47905325497682155	0.7387137359667415
2.285	0.49330436285590606	0.7539318686306596
2.29	0.5077400231600558	0.7690905061759442
2.295	0.5220880085050411	0.7842993830855209
2.3000000000000003	0.5355392883718291	0.8019251779886281
2.305	0.5492245527258475	0.8208995422041768
2.31	0.5631600925357196	0.8396991560958604
2.315	0.577335475558531	0.8581843917402966
2.3200000000000003	0.5914607769698134	0.8773420943047379
2.325	0.6050028364755619	0.8984708260501594
2.33	0.6187875669368584	0.918995236850898
2.335	0.6326198773244294	0.9389357420726075
2.34	0.6466366244769687	0.9585095328539609
2.345	0.6604467070068782	0.980209182526969
2.35	0.6742038316513018	1.005366520034341
2.355	0.6889155169374134	1.030115602852385
2.3600000000000003	0.7051606247429847	1.0544871677162617
2.365	0.722386675225387	1.078997300404503
2.37	0.7396638552466286	1.1069730130541637
2.375	0.7562110010950783	1.1388457635405338
2.38	0.773066232116764	1.169648034044032
2.3850000000000002	0.7900708527699727	1.2001341656056053
2.39	0.8071157520508208	1.2307993382225655
2.395	0.8237766496915478	1.2626476289031159
2.4	0.840399673950563	1.294389711718439
2.4050000000000002	0.8570576397498949	1.3258933704709484
2.41	0.8737945530919894	1.3569674030981114
2.415	0.8905905949375551	1.3873191697929677
2.42	0.9071720020879102	1.4178619512566424
2.4250000000000003	0.9242207543635945	1.4480850593527526
2.43	0.9417213335301919	1.4778889168817309
2.435	0.9594728568768387	1.5068673233365237
2.44	0.9772326154691909	1.5352727085912437
2.4450000000000003	0.9947632871266135	1.5626496837646187
2.45	1.0119266750673732	1.5891873839672195
2.455	1.0292591600604253	1.6146506180728646
2.46	1.0466332542078791	1.6390754666516791
2.465	1.0642590857998169	1.6626429396136495
2.47	1.0813462102830433	1.685293013012394
2.475	1.0989866934317378	1.7071607083012874
2.48	1.11669163685911	1.7281714968020863
2.4850000000000003	1.134555566653427	1.748236372178814
2.49	1.1523066045892085	1.767366701417452
2.495	1.169726913987366	1.78630613001317
2.5	1.187028126428472	1.8045377575180261
2.505	1.2045271122668175	1.8221122198960817
2.5100000000000002	1.2222017738608018	1.8390020266048046
2.515	1.2399848605001969	1.8553774330972586
2.52	1.2577123104332444	1.8713928901196222
2.525	1.2749968664328555	1.8870125020294788
2.5300000000000002	1.292501217076171	1.9020900403009238
2.535	1.3100185866563323	1.9168287873253043
2.54	1.3277161464034046	1.9310944191479404
2.545	1.3451397420970068	1.9452761815404829
2.5500000000000003	1.3624431707458307	1.9590825412497672
2.555	1.3798127858067093	1.972517271727468
2.56	1.3972043126828035	1.9854079938572184
2.565	1.4148135727376576	1.998161564785465
2.5700000000000003	1.4322395306027915	2.0107969445503975
2.575	1.4494915971475701	2.0230370384835124
2.58	1.4667912855999115	2.035084985269965
2.585	1.4839840405979967	2.046881901272521
2.59	1.5014056095780464	2.0581715040052675
2.595	1.5187211032218393	2.0695304685193228
2.6	1.5358014915135518	2.08064011204344
2.605	1.552844877286559	2.0914437501387484
2.6100000000000003	1.570205011236861	2.1018381843511365
2.615	1.5872068922301554	2.112293512483986
2.62	1.6042099148118427	2.1225095012102444
2.625	1.6211842319439207	2.1325777532313737
2.63	1.6382998623875966	2.1423532241052325
2.6350000000000002	1.655259349238486	2.152095306451242
2.64	1.6723465189463262	2.1617552274915592
2.645	1.68910277788653	2.1712686018867142
2.6500000000000004	1.7058069470015897	2.1805147773806155
2.6550000000000002	1.7226514987118964	2.1897290771572036
2.66	1.739586695047347	2.1985934066658
2.665	1.7566308493430673	2.2076775056095492
2.67	1.7732355234534267	2.2164466361508466
2.6750000000000003	1.7900470659756997	2.2251400256660774
2.68	1.8068040337508207	2.2336228907918545
2.685	1.8237643595763318	2.2419343111127144
2.69	1.8401214156784071	2.250606433761343
2.6950000000000003	1.8570253862747732	2.2588789673039074
2.7	1.873557949927597	2.2671267831249753
2.705	1.8901957745394566	2.2752793185618985
2.71	1.9067474205940318	2.2833955806948367
2.715	1.9233662721473317	2.2913360563628142
2.72	1.939558086358953	2.2992615886021537
2.725	1.9556587175032352	2.3071650260554866
2.73	1.971390888158974	2.3147793965700725
2.7350000000000003	1.9869332890969071	2.3223826320639858
2.74	2.001500686978343	2.3300964275609
2.745	2.0155612564087955	2.3374666697132738
2.75	2.028867939434027	2.344767091508829
2.755	2.04152778562025	2.351982548609997
2.7600000000000002	2.05416486034006	2.358975685010927
2.765	2.065387514845656	2.3662586179951974
2.77	2.0765181391817764	2.37333758312128
2.7750000000000004	2.0871360864240103	2.3803659574419016
2.7800000000000002	2.0974174596446944	2.387139620972349
2.785	2.10724523066616	2.3940475812626603
2.79	2.1165891671768633	2.400894982652276
2.795	2.12505084019211	2.4076129899313132
2.8000000000000003	2.1331422147844483	2.4142563222137614
2.805	2.1407607543163034	2.4208630990462097
2.81	2.147969133612485	2.4273224398127695
2.815	2.1542664645403917	2.4339689287566553
2.8200000000000003	2.160234034087202	2.4404929537094846
2.825	2.1658317000808482	2.447018315580016
2.83	2.171250281043281	2.4533110198925545
2.835	2.176364409077962	2.4597960287870206
2.84	2.181206341227331	2.4660707470063072
2.845	2.186181881618669	2.4724404881808626
2.85	2.1908252534242467	2.4786729272868264
2.855	2.1958916101673367	2.485007026780945
2.8600000000000003	2.200156137919381	2.4911521811055417
2.865	2.204672819856071	2.497483851533933
2.87	2.209318894733138	2.5035933688899425
2.875	2.2137191217159815	2.509886395593772
2.88	2.217806637299243	2.5159555061284213
2.8850000000000002	2.222363661573904	2.52210639184721
2.89	2.2262544496766106	2.528311967349993
2.895	2.230560720972256	2.534329031254822
2.9000000000000004	2.2344738195367597	2.5403783124048274
2.9050000000000002	2.2385999698338073	2.5463661106296285
2.91	2.2425350741914025	2.5522865848070455
2.915	2.2463399633210837	2.558238052511745
2.92	2.2503786015943454	2.5640180016004144
2.9250000000000003	2.2540942448238472	2.5697635925316282
2.93	2.258171575668966	2.575710112233464
2.935	2.262088755097537	2.5812666861119236
2.94	2.2655616992430887	2.5871088928133474
2.9450000000000003	2.2693991900374644	2.5928075738239693
2.95	2.2732638822705105	2.5984158774179242
2.955	2.2769793505124865	2.604162871747452
2.96	2.280595323924144	2.609772909360459
2.965	2.284334714627885	2.615305772067964
2.97	2.288084903369775	2.6209128825218095
2.975	2.291676485328671	2.626492839503679
2.98	2.2949659770640656	2.631953262426644
2.9850000000000003	2.2988631836252273	2.6372484369848475
2.99	2.3023746948609944	2.6425428993782965
2.995	2.306029031776938	2.6476966858988606
3.	2.3092064270641064	2.6526312386738766
3.005	2.312913351210307	2.6572437292272566
3.0100000000000002	2.316349886493754	2.6621205653908797
3.015	2.319938220403938	2.666558483629341
3.02	2.323331320231488	2.6708911670129027
3.0250000000000004	2.3265136410603766	2.6752224267698606
3.0300000000000002	2.33019476237567	2.6790500162205455
3.035	2.3337760277448196	2.6832076229980286
3.04	2.3370552295066545	2.686958916123655
3.045	2.3402227234033526	2.690691748082656
3.0500000000000003	2.3438144048706624	2.6941945367928595
3.055	2.3474223403916743	2.6978694326594153
3.06	2.3505029372155333	2.701330426456618
3.065	2.3539046021684853	2.704715480720664
3.0700000000000003	2.357506904876283	2.7081475843593883
3.075	2.3608497477286075	2.7113797239098596
3.08	2.363968722935713	2.714919893403775
3.085	2.3673133883776987	2.7179038126602353
3.09	2.3705395559774884	2.7210929753284088
3.095	2.373891026500722	2.7243308922955642
3.1	2.3773712260213493	2.727419661429811
3.1050000000000004	2.380389170269548	2.7303321614174414
3.1100000000000003	2.3835670633732717	2.7335675062382108
3.115	2.386996680477436	2.7363493105920726
3.12	2.390127408682196	2.739313539336957
3.125	2.3934712501119186	2.742577225651239
3.13	2.3965478539697154	2.7450029882375486
3.135	2.3998458253264445	2.7480672507904926
3.14	2.4031087884376445	2.7509973588477914
3.145	2.406711815795883	2.753873621521131
3.1500000000000004	2.409362610843141	2.756498562261968
3.1550000000000002	2.4129919965936506	2.7596476154864598
3.16	2.4159898697626154	2.7623199111870833
3.165	2.4192489865075895	2.7651838420593893
3.17	2.4223531340774778	2.768104728616224
3.175	2.425789032878529	2.7706997965877305
3.18	2.428894864727827	2.7739583644917905
3.185	2.432007065395711	2.776504278634419
3.1900000000000004	2.435601736368154	2.77933492059078
3.1950000000000003	2.438803881031279	2.7821705349352217
3.2	2.4423660413632797	2.7853308882885766
3.205	2.4453692550668187	2.787698155466036
3.21	2.4485738914003004	2.7909570318234795
3.215	2.451759072815479	2.7936693161007558
3.22	2.4550352200794316	2.796435418296497
3.225	2.458108114176803	2.7994343300313425
3.2300000000000004	2.4619069887249276	2.8021375297311244
3.2350000000000003	2.464973543248284	2.805034331895711
3.24	2.46854967657944	2.8075776224525932
3.245	2.471961499544882	2.8106210881480624
3.25	2.4752026100743363	2.8132586727280424
3.255	2.4786432822120497	2.816217447078009
3.26	2.4819176779507246	2.8190983348312875
3.265	2.4854732464382745	2.8221203101268584
3.27	2.4889358144250604	2.8248454848248947
3.2750000000000004	2.492293327484581	2.827771953286498
3.2800000000000002	2.4959613228702917	2.8306398659219787
3.285	2.499244765444433	2.83351122324927
3.29	2.502810801235034	2.8365119969124475
3.295	2.506351083535897	2.8394695466455717
3.3	2.5098071333716137	2.8421455006814496
3.305	2.5132839175688044	2.8453749168091207
3.31	2.5169216828041887	2.848486823695933
3.3150000000000004	2.520332566678562	2.8513813461800885
3.3200000000000003	2.5239819615506263	2.8544955460397543
3.325	2.5271217629480445	2.857554808346133
3.33	2.5307818801022344	2.860444052385294
3.335	2.53440442768963	2.863713070504401
3.34	2.5381582212237452	2.8669650777011033
3.345	2.5419462079921087	2.8701657217207974
3.35	2.545394291545798	2.873456450074782
3.3550000000000004	2.549071651803681	2.876629013155681
3.3600000000000003	2.552759105613564	2.8798595589344416
3.365	2.5563190790405153	2.883036483225979
3.37	2.5599006414013705	2.8863635589982413
3.375	2.563557401485354	2.8897050510042455
3.38	2.5672130769728208	2.8931265497083904
3.385	2.5708356677562585	2.8966311958538373
3.39	2.574579936061023	2.900206478454938
3.395	2.57882736207787	2.90372011987502
3.4000000000000004	2.5825596744329262	2.9072381444442557
3.4050000000000002	2.5864465767440117	2.91074714958444
3.41	2.590236790725931	2.9145256794899024
3.415	2.593941976045548	2.917912018023023
3.42	2.598009788619284	2.921757554550292
3.425	2.6016448518973827	2.9256610673284995
3.43	2.60571508102943	2.92930282468499
3.435	2.609648488751951	2.9331561812723046
3.4400000000000004	2.6135058629795265	2.937136875187939
3.4450000000000003	2.617305801957142	2.9406800720705903
3.45	2.6210701391692544	2.9448127312998853
3.455	2.6248483751804006	2.948652511103951
3.46	2.628609848417994	2.952794183551012
3.465	2.6324021690363937	2.956744327822271
3.47	2.6363239580844184	2.9607685658306906
3.475	2.6400690177793513	2.9650336959949173
3.4800000000000004	2.6437893282159535	2.9690854141401037
3.4850000000000003	2.647860973865285	2.9735308634747075
3.49	2.6516320038112995	2.9776728807078614
3.495	2.6553999346948465	2.9819924974027914
3.5	2.6593549204455873	2.9863777997558167
3.505	2.663285118024165	2.9909512973200263
3.51	2.667186534304826	2.995483505287245
3.515	2.6709603383812297	2.9999430811134555
3.52	2.674900939112784	3.0042590489135743
3.5250000000000004	2.678572450593433	3.008967332218414
3.5300000000000002	2.682540936080926	3.013533701551723
3.535	2.686056536957406	3.01816832057273
3.54	2.689837481417014	3.0230901958295555
3.545	2.693732931577304	3.0276280981109016
3.55	2.69748511271434	3.032601937246008
3.555	2.701323397847555	3.037406586391231
3.56	2.7049312290248833	3.0424258006989024
3.5650000000000004	2.7088658251249376	3.0472878349278014
3.5700000000000003	2.712630645946842	3.0519016781709465
3.575	2.716596512493691	3.0569574153029717
3.58	2.7203443793136444	3.0619956161600475
3.585	2.724036644754661	3.066959144293898
3.59	2.7282253297246553	3.0719859944190144
3.595	2.7319988333124803	3.077399842263604
3.6	2.736022147001367	3.082502110418562
3.6050000000000004	2.7397846810945126	3.0879115070903533
3.6100000000000003	2.7438918435480395	3.093288965265381
3.615	2.7478947232423705	3.098813884592456
3.62	2.751804085687709	3.103853587898763
3.625	2.7555637066600287	3.1096933225242402
3.63	2.7594506755949877	3.115068795727471
3.6350000000000002	2.763532794333878	3.120674729811031
3.64	2.767226691571458	3.1260141913136863
3.645	2.77173077162793	3.131569918648433
3.6500000000000004	2.7757165375800334	3.1372244219639738
3.6550000000000002	2.7793698110130802	3.1428397055214323
3.66	2.7834974130170895	3.148548563476815
3.665	2.7873350933915284	3.154313724843991
3.67	2.7918549853301817	3.160164193656702
3.675	2.7957392562310823	3.1659935928054233
3.68	2.7997793258161825	3.1718933196909047
3.685	2.8041491362419215	3.1776054057221885
3.6900000000000004	2.808070343115026	3.183220744386458
3.6950000000000003	2.8123023847416713	3.1893015876428907
3.7	2.816367517569118	3.194996208002115
3.705	2.820623397050391	3.2009271938682926
3.71	2.8247976198166915	3.2066361806714507
3.715	2.829214309628244	3.2127995585065903
3.72	2.833745318661133	3.218166676100869
3.725	2.837713811183603	3.224190609511079
3.7300000000000004	2.842148135443514	3.2301152665244017
3.7350000000000003	2.8464138297554857	3.2356712059865114
3.74	2.851106015347992	3.241993694531637
3.745	2.8557901200246243	3.2474845026641495
3.75	2.8604598104938144	3.2536718459337277
3.755	2.8650540754353164	3.259396302761596
3.7600000000000002	2.869459706866377	3.2652558032063084
3.765	2.8744358512257415	3.2710930237041325
3.77	2.87912388953594	3.276722117217743
3.7750000000000004	2.884105226009533	3.2824751442774978
3.7800000000000002	2.8889783028484595	3.2880621754658645
3.785	2.8943997685768212	3.2937510307099616
3.79	2.899630653729307	3.299486816778521
3.795	2.9045186609963975	3.3050207411805483
3.8	2.9096879331782017	3.310679148037498
3.805	2.9152300888481357	3.316543768017605
3.81	2.9205980200245647	3.3219709421241457
3.8150000000000004	2.926482819154956	3.3275802845390428
3.8200000000000003	2.9326821322232344	3.333339637199974
3.825	2.9378560017930826	3.3387781846536098
3.83	2.9437099592021094	3.344243717391127
3.835	2.9501901483034167	3.349937317007706
3.84	2.9560945564580696	3.3552564285256383
3.845	2.9620628017334956	3.360883552087017
3.85	2.9679880479268617	3.3663354263821836
3.8550000000000004	2.9740855983775725	3.371866712917815
3.8600000000000003	2.980141397654374	3.376986323447471
3.865	2.9863782498997393	3.3824857644628987
3.87	2.992396037905629	3.387810598651159
3.875	2.9993185454965867	3.3931980465910727
3.88	3.0061796247210006	3.3983697755030464
3.8850000000000002	3.013301559311203	3.403716356956776
3.89	3.0203264031635153	3.4088111079090213
3.895	3.028251910776433	3.4141103199025835
3.9000000000000004	3.0361580152757894	3.4192628094488113
3.9050000000000002	3.0443742190245815	3.4244600848732523
3.91	3.0523956197261426	3.429486906773209
3.915	3.060294813756338	3.4348381897309763
3.92	3.0685730946698917	3.439847698889064
3.925	3.0769434417340635	3.445038318614182
3.93	3.085741983086607	3.4502801666250416
3.935	3.0948285638916677	3.4552762913799615
3.9400000000000004	3.1040369358578577	3.460503394379682
3.9450000000000003	3.113414321807392	3.465691551090232
3.95	3.122514724316411	3.4708146101200916
3.955	3.131871344284734	3.475863147057345
3.96	3.1417815078138633	3.480857418779339
3.965	3.151777760804999	3.48605963196173
3.97	3.1620157389355934	3.4910509301032646
3.975	3.1723325434872183	3.4962525559524416
3.9800000000000004	3.1826203669419146	3.501255717265678
3.9850000000000003	3.1928258162793965	3.5062563077490707
3.99	3.203389448204565	3.5113048546016343
3.995	3.213654040858756	3.516475419442975
4.	3.2239749072444623	3.5215606974244045
4.005	3.2342388214557047	3.5265034582294827
4.01	3.2446321857915037	3.531498204291314
4.015000000000001	3.25485806056061	3.536602323275553
4.02	3.264879475206118	3.541857774470471
4.025	3.2748999766664797	3.5469764762271128
4.03	3.2847765662885795	3.5521643415085924
4.035	3.2947386161083645	3.557218493095572
4.04	3.3042684755177594	3.5626050448213675
4.045	3.3138606901491987	3.5679362151997047
4.05	3.3233495408914293	3.57324878958251
4.055	3.332594960749434	3.5785480229456113
4.0600000000000005	3.3421605066749516	3.5837488493545306
4.065	3.350990718365083	3.589298691476166
4.07	3.3597635131356913	3.594635963126987
4.075	3.3683034108931262	3.599716558522414
4.08	3.376229287115355	3.6044050503534413
4.085	3.3838671567089875	3.608858133714677
4.09	3.3906172545701105	3.6134126103930884
4.095000000000001	3.397148868190859	3.6177804374459788
4.1	3.403798053288265	3.6221420975649026
4.105	3.4105096314026078	3.6264524369918805
4.11	3.4174262916953513	3.6308833666440448
4.115	3.4242951596410087	3.6354161523051185
4.12	3.4309331058021675	3.640104567115799
4.125	3.437856569058262	3.6446887467749707
4.130000000000001	3.444855961013685	3.6494701881189093
4.135	3.45187273958842	3.654153841874505
4.140000000000001	3.459861768032539	3.659597901627879
4.145	3.4658954165195883	3.6650221616923733
4.15	3.471899476775379	3.6707236271634334
4.155	3.478052898360374	3.6765379644277907
4.16	3.483615199192978	3.6809765975435926
4.165	3.489921080985559	3.686798467282379
4.17	3.495857830394579	3.6920734003979296
4.175000000000001	3.5018124667111397	3.6963599206164965
4.18	3.5079387086830955	3.7027261559038522
4.1850000000000005	3.513652874695453	3.7069137778907746
4.1899999999999995	3.5198704052750838	3.7128661648492716
4.195	3.5257883107504764	3.717918506624036
4.2	3.531721418849585	3.7232185661723007
4.205	3.5379722403851743	3.7277781741050826
4.21	3.5438740433919467	3.733480597709537
4.215	3.550065228023977	3.7382972745050425
4.220000000000001	3.55614599508758	3.743085096353147
4.225	3.5620437408485235	3.7488255528373458
4.23	3.56834454769067	3.752094276507109
4.235	3.574238783528239	3.758730312548834
4.24	3.580291556968368	3.763274176092459
4.245	3.5864524389940278	3.7684036515266963
4.25	3.5923425219333915	3.7733396751125228
4.255000000000001	3.5984785894956937	3.7783602235738325
4.26	3.6046695595119522	3.7832716242193225
4.265000000000001	3.6105358486812205	3.788852725831369
4.27	3.6167337090277103	3.794395967114089
4.275	3.622685913943128	3.798677235120568
4.28	3.628673754141395	3.8050608870803524
4.285	3.634950340097016	3.8090362192327403
4.29	3.6408231504933872	3.815066189273497
4.295	3.647097284457491	3.8203411308340356
4.300000000000001	3.653237315678594	3.825349630159753
4.305	3.659263713951453	3.8304505721534414
4.3100000000000005	3.6656062123001916	3.8358664462702183
4.3149999999999995	3.671458530617243	3.8410921026371616
4.32	3.6776816518721556	3.8457701423115354
4.325	3.6837138431697505	3.851576984276494
4.33	3.68966379609052	3.8550794387809377
4.335	3.695982885857127	3.861326876816223
4.34	3.7018909180668254	3.8661634715319386
4.345000000000001	3.7080365874356365	3.8709872162581167
4.35	3.7142007601630485	3.8765071500661032
4.355	3.720147717748859	3.881014205485183
4.36	3.726322900300574	3.8862940780367876
4.365	3.732415158887506	3.8911870448546195
4.37	3.738422380563177	3.896527963787097
4.375	3.744736287277225	3.9007849904442073
4.380000000000001	3.750753352706311	3.9071239800041297
4.385	3.756787791469779	3.911683819074804
4.390000000000001	3.763204085882589	3.9169192895649254
4.395	3.7691258871515907	3.922754434985754
4.4	3.775573989146536	3.9271417367676413
4.405	3.7814024531234725	3.93314021025044
4.41	3.7873775233104383	3.9381690524365665
4.415	3.793693503159616	3.943637559516876
4.42	3.799447312611453	3.9484008323140145
4.425000000000001	3.805946308650578	3.95408705659004
4.43	3.8117878134476073	3.958269272743883
4.4350000000000005	3.817765842866679	3.963979764460459
4.4399999999999995	3.8240568286255527	3.969214613583624
4.445	3.829956521903395	3.973192770996616
4.45	3.8362701013301113	3.979556035175491
4.455	3.8423588830617943	3.983693932276956
4.46	3.8483201848115174	3.9893692018549003
4.465	3.854571201301534	3.9943099291874113
4.470000000000001	3.8606357074586546	3.9994321010411795
4.475	3.866812636325018	4.003695273574256
4.48	3.8732336267293834	4.009288823513448
4.485	3.879072619414393	4.014049325966067
4.49	3.8852228253872005	4.019063289555438
4.495	3.8912726465611893	4.02515741082848
4.5	3.8971666541117	4.028520884464785