1.	11.51584079491203	12.930959779092685
1.005	11.51772027245921	12.935304016524423
1.01	11.51840107418909	12.93937292001109
1.015	11.5192200777989	12.94296193450693
1.02	11.519152062765842	12.94697742154811
1.025	11.521172002937455	12.951352534637852
1.03	11.522678956715714	12.955550686877066
1.035	11.523498996727978	12.959693187908016
1.04	11.524976599241567	12.963300928539747
1.045	11.52755915835823	12.967682412900585
1.05	11.53106253364278	12.972324851253145
1.055	11.533110727442276	12.976690725262516
1.06	11.533730100004787	12.981125499818024
1.065	11.533819911207974	12.98542947736107
1.07	11.533689200287668	12.98948061280634
1.075	11.535591535621942	12.993676551245697
1.08	11.536425518333271	12.99789671541163
1.085	11.537482445003237	13.002048965545601
1.09	11.538644273208483	13.006559377901201
1.095	11.541720929920427	13.011088187693437
1.1	11.543857549164102	13.01548604083251
1.105	11.54778252030516	13.019781402254484
1.11	11.55092372614944	13.024505910961496
1.115	11.551880382934577	13.029203128924921
1.12	11.551356608939662	13.033825790496978
1.125	11.552584134452292	13.037892886791965
1.13	11.553262609577981	13.041927933906482
1.135	11.55473798358875	13.046155625585108
1.1400000000000001	11.556473307133995	13.050770028495336
1.145	11.559670564397644	13.055630060330191
1.15	11.560841323519004	13.05996361673216
1.155	11.564250895237837	13.064313201687892
1.16	11.568418246689802	13.06890881900531
1.165	11.571090392655991	13.07381179245739
1.17	11.572073460125234	13.078448401546892
1.175	11.571782038147303	13.08301150249277
1.18	11.571574489739199	13.087199006285747
1.185	11.575635135650957	13.091326080392804
1.19	11.57883952881105	13.096450120117325
1.195	11.580114493622071	13.100895246645567
1.2	11.58171607199601	13.105588761607558
1.205	11.584606965523589	13.110219844181717
1.21	11.587023336748047	13.114558146053298
1.215	11.588328945900773	13.119426836861072
1.22	11.58925213632444	13.12426159945266
1.225	11.589135877968019	13.128930039525429
1.23	11.589086662401781	13.133421984195335
1.235	11.591587005978774	13.13787400198811
1.24	11.594497683852527	13.142215175289413
1.245	11.59805093494123	13.147095428264091
1.25	11.599508248564392	13.152138746066067
1.255	11.6019351588023	13.15697293389947
1.26	11.60333141127377	13.161516256433895
1.2650000000000001	11.602254483322298	13.165984195355943
1.27	11.602837569830799	13.170893778062206
1.275	11.603830765569976	13.17581669587417
1.28	11.606188820857014	13.180364635515991
1.2850000000000001	11.610267102154936	13.184834974631558
1.29	11.611885048713383	13.189508735683738
1.295	11.613606879973474	13.194095033966075
1.3	11.616064580693237	13.19888045588417
1.305	11.616886014300762	13.20372724487387
1.31	11.616366510873332	13.20818746638996
1.315	11.616070582944388	13.213044711511156
1.32	11.619193534926147	13.217771157854225
1.325	11.620006412129584	13.222416361472904
1.33	11.623326689769405	13.22700526112044
1.335	11.625343010372148	13.231584163536745
1.34	11.626928817338387	13.236183406593621
1.345	11.628221818103542	13.240833525239395
1.35	11.631862474978478	13.245801585167895
1.355	11.633655473187513	13.25022572774353
1.3599999999999999	11.634378642694067	13.254960305353148
1.365	11.63621198938218	13.259852889149252
1.37	11.639401529622633	13.264458508907769
1.375	11.640311627141259	13.269122855892524
1.38	11.639364371529217	13.273897132575462
1.385	11.641286125599239	13.278492005469088
1.3900000000000001	11.643282798118916	13.283215101777767
1.395	11.644044995248112	13.287928896880478
1.4	11.647057709810701	13.292801423412664
1.405	11.650205521466	13.297685807816075
1.4100000000000001	11.64859720956879	13.302569768941652
1.415	11.65026824080086	13.30738911734971
1.42	11.650829307377291	13.312165478479146
1.425	11.654481078826022	13.316874199839566
1.43	11.656925780830706	13.321763081430595
1.435	11.658005634634444	13.326587182029614
1.44	11.657536477662836	13.3316300691832
1.445	11.658040994732067	13.336481133099596
1.45	11.661035463862415	13.341361719924084
1.455	11.664451697667793	13.346490508182212
1.46	11.66479555218382	13.35150732758533
1.465	11.665884935335395	13.356568695416826
1.47	11.662962597602052	13.361701437538338
1.475	11.667645036331566	13.366567618582982
1.48	11.66804246896754	13.371247495654695
1.4849999999999999	11.66775649653488	13.376378610703341
1.49	11.667441565227708	13.381611946460511
1.495	11.668663157685831	13.387217437082622
1.5	11.672542098206002	13.392205855127223
1.505	11.675285572648711	13.39703623693971
1.51	11.67478422259066	13.402337055054053
1.5150000000000001	11.675998274860836	13.408014715016753
1.52	11.677388018367587	13.413221804498743
1.525	11.67743724358219	13.417618108705552
1.53	11.677941463065562	13.422179992476334
1.5350000000000001	11.677160796437123	13.428402318963098
1.54	11.676895839058608	13.434309244812074
1.545	11.680104488562813	13.439387961971294
1.55	11.685262295006057	13.444248902540336
1.5550000000000002	11.686410434999283	13.449834039731604
1.56	11.688403526507255	13.455408844549524
1.565	11.689428360935132	13.460602968262396
1.57	11.689688312091628	13.465519673702188
1.5750000000000002	11.690225746413466	13.470973058764809
1.58	11.686407322428623	13.476404324277015
1.585	11.686652994908915	13.481861518014062
1.5899999999999999	11.68691595389493	13.487705762086376
1.595	11.689855910081894	13.492898698154086
1.6	11.694611289247913	13.498011423903709
1.605	11.694257649086358	13.503433342050602
1.6099999999999999	11.695362698480746	13.509166893746324
1.615	11.696924839262838	13.514445224047261
1.62	11.69653781975668	13.519387116116821
1.625	11.693262893571141	13.525017260936444
1.63	11.692423340747803	13.5308211715243
1.635	11.690651796769924	13.53605540863278
1.6400000000000001	11.693584075840038	13.541277726617972
1.645	11.69733665979082	13.547066549250319
1.65	11.698017729918286	13.552556218134491
1.655	11.698627938924714	13.557707115436815
1.6600000000000001	11.700975783202757	13.563032113846134
1.665	11.699819472688215	13.568605722326941
1.67	11.697158854870006	13.573907272439648
1.675	11.69456895200917	13.579249151619543
1.6800000000000002	11.692144953018921	13.584793604800852
1.685	11.693663254273206	13.590172459532775
1.69	11.696943602165476	13.595709718641066
1.695	11.697699413134384	13.601173673530601
1.7000000000000002	11.698090929299159	13.606461241901119
1.705	11.698437012556195	13.611815088766466
1.71	11.698862456249392	13.617245094640174
1.7149999999999999	11.693471713664323	13.622678330204632
1.72	11.693693888461873	13.627726537856896
1.725	11.68885903321012	13.632800532062328
1.73	11.687952102583687	13.6384546356072
1.7349999999999999	11.693704763120797	13.644217440149417
1.74	11.69441046856944	13.649184742261275
1.745	11.694973903527579	13.654319547947999
1.75	11.693694750573458	13.659593418757083
1.755	11.69653967540902	13.665476229073683
1.76	11.693238105172568	13.670497004625492
1.7650000000000001	11.689176380351821	13.675328185433544
1.77	11.685879435134959	13.68024567251408
1.775	11.686289659487088	13.685870511233155
1.78	11.684854419484486	13.691311935498033
1.7850000000000001	11.690366977804015	13.696033170871043
1.79	11.687386028134808	13.701308714587647
1.795	11.68453295541319	13.706589058132666
1.8	11.684531059363707	13.71189646668588
1.8050000000000002	11.683140641710207	13.716873128869153
1.81	11.681859138153719	13.72186058431245
1.815	11.677179581017073	13.726795253465324
1.82	11.676260290603508	13.731628346289307
1.8250000000000002	11.678808959870151	13.736960054698848
1.83	11.676424277977443	13.741835618988661
1.835	11.675905747164892	13.747209518618392
1.8399999999999999	11.67196098111887	13.752094353005061
1.845	11.66718003571904	13.757136501411978
1.85	11.664989789833333	13.761810437959355
1.855	11.663532274820101	13.766892135644541
1.8599999999999999	11.661354356316012	13.771642660840675
1.865	11.65494952895111	13.776308976205838
1.87	11.65393195455408	13.78088573414439
1.875	11.65335149910954	13.785811727203045
1.88	11.65207263868024	13.790831612017632
1.885	11.644633620668863	13.795775640158936
1.8900000000000001	11.644604807787228	13.800401222124115
1.895	11.642947218408082	13.80534364638444
1.9	11.639418359615393	13.809725425118046
1.905	11.634240511507771	13.814672928122173
1.9100000000000001	11.634063941723069	13.818933914908833
1.915	11.632705447876818	13.82345428816466
1.92	11.633097329843263	13.827997099988618
1.925	11.626872925436613	13.832444646830327
1.9300000000000002	11.626848240980506	13.836819953201013
1.935	11.621955354243253	13.842148062858836
1.94	11.617573484587956	13.846250026491758
1.945	11.61616487128102	13.850808437080376
1.9500000000000002	11.612436527399336	13.854711551802257
1.955	11.609874033667303	13.859520504777095
1.96	11.609098083004731	13.864219027974237
1.9649999999999999	11.605506565709808	13.867564615919616
1.97	11.603474632120443	13.871538482018106
1.975	11.603341575567285	13.875587031449069
1.98	11.594527298611156	13.881141184777846
1.9849999999999999	11.592705473834322	13.885185735710749
1.99	11.58953579161268	13.889308472491843
1.995	11.593623639701422	13.893472586755326
2.	11.589590059330673	13.896800345857605
2.005	11.581371486953415	13.902032604862727
2.01	11.577563018895546	13.905617844905445
2.015	11.577208849109544	13.908819852544013
2.02	11.579812081718616	13.913022980129313
2.025	11.57398405249848	13.916616073557142
2.0300000000000002	11.569625219560104	13.920914406578262
2.035	11.566546200485693	13.925494432380628
2.04	11.556508548125132	13.928921851928484
2.045	11.549057702571993	13.93279379012983
2.05	11.548805752346315	13.93622386543954
2.0549999999999997	11.541889811427087	13.939828506372129
2.06	11.53596149070308	13.94341957928554
2.065	11.532113561548224	13.946157519581266
2.0700000000000003	11.523054816384482	13.951080904814111
2.075	11.517601662961596	13.953515252537638
2.08	11.507894360744261	13.957062013805285
2.085	11.49453182034438	13.961268310435042
2.09	11.490748883484711	13.964567391749235
2.0949999999999998	11.486423137245772	13.96868220402521
2.1	11.473250499054577	13.971471967977168
2.105	11.472473836531982	13.974258262482342
2.1100000000000003	11.457265654379723	13.976804740793261
2.115	11.449299528767384	13.98056743832008
2.12	11.438334673039416	13.983683340410764
2.125	11.429563068137984	13.9871565850437
2.13	11.41885636954837	13.990247850116829
2.135	11.412178227574211	13.99417410555398
2.14	11.391713554483115	13.997084116277058
2.145	11.380825556917396	13.99887154589433
2.1500000000000004	11.362044273753684	14.002323278380802
2.1550000000000002	11.345438165776514	14.004639710413217
2.16	11.328187173728754	14.007287484695482
2.165	11.303347163056957	14.011141245581399
2.17	11.28182502553531	14.013374897475831
2.175	11.226808386453499	14.014972937155433
2.1799999999999997	11.14835899209027	14.01775131632588
2.185	11.14554482899385	14.020495383817059
2.19	11.177330882931937	14.024930396201242
2.1950000000000003	11.188960686593413	14.026314537787048
2.2	11.21746399135044	14.028784194865132
2.205	11.250593746257136	14.030043982621107
2.21	11.290086401494529	14.032052054171599
2.215	11.308144175436276	14.035011796741793
2.2199999999999998	11.32723128175305	14.036850370823679
2.225	11.362397244721235	14.041556425524453
2.23	11.374552222697531	14.042128995247563
2.2350000000000003	11.404149545927911	14.044007235387188
2.24	11.431570043241972	14.046148176555645
2.245	11.479123703788275	14.048648292390808
2.25	11.497593301760768	14.049371963632499
2.255	11.517709115730067	14.051970586371773
2.26	11.54109378589343	14.053674180797334
2.265	11.556463248374916	14.055057219634055
2.27	11.57379696730166	14.057778968206046
2.2750000000000004	11.604585402029107	14.059867417540069
2.2800000000000002	11.636766167655885	14.06195488827155
2.285	11.66681469674496	14.063309665652302
2.29	11.702266210879475	14.062992027764013
2.295	11.724611378796563	14.064746432250464
2.3	11.743465658734914	14.065495373777704
2.3049999999999997	11.755583684889944	14.066753094662296
2.31	11.807240882228573	14.068565945747558
2.315	11.83104737232344	14.069610060750614
2.3200000000000003	11.837265216565088	14.069823531167813
2.325	11.896734626983893	14.070941764206523
2.33	11.91680267127223	14.071200877942724
2.335	11.936647530632792	14.06967858880391
2.34	11.944308990037328	14.073472645763104
2.3449999999999998	12.006508057404988	14.06946414122927
2.35	12.013504076841135	14.070442885048166
2.355	12.02102383481001	14.070370560382072
2.3600000000000003	12.076251734517086	14.069278656080447
2.365	12.081424815629976	14.070157190557776
2.37	12.126944264747445	14.071301902320547
2.375	12.167668388997848	14.07140769189636
2.38	12.187896912984797	14.06879408148745
2.385	12.196313771084	14.06938656634738
2.39	12.208379847321195	14.06715087786348
2.395	12.26224670721597	14.066172346099936
2.4000000000000004	12.281319901477655	14.066780065877262
2.4050000000000002	12.29636374696959	14.063605002019852
2.41	12.345464079914938	14.064224201398249
2.415	12.382561943297222	14.064495418842343
2.42	12.392486566834554	14.060696533159382
2.425	12.397596331061557	14.059593532669735
2.4299999999999997	12.512518246511966	14.056647178616796
2.435	12.503741360132606	14.0541086589084
2.44	12.54178660374757	14.05360810065469
2.4450000000000003	12.551109761244433	14.050751675914098
2.45	12.597119998933085	14.045399731982027
2.455	12.592027169040735	14.044080185078178
2.46	12.655992934956423	14.040023582021007
2.465	12.666490042073919	14.03882172676514
2.4699999999999998	12.700676176720856	14.035243015617537
2.475	12.725247461390904	14.030451753293166
2.48	12.736602967729013	14.026233921478779
2.4850000000000003	12.737046872713096	14.025872441065257
2.49	12.80554053818162	14.024956700984477
2.495	12.85084560862482	14.020902209460747
2.5	12.871878802159989	14.019495627692855
2.505	12.889328086289161	14.012759041824415
2.51	12.916184538780323	14.006465807555223
2.515	12.94534162994332	13.998640743528904
2.52	12.966461885701907	13.991723037468489
2.5250000000000004	13.032590092977536	13.988585439577827
2.5300000000000002	13.049451166723928	13.990055088732172
2.535	13.084213186022307	13.978209861588207
2.54	13.151647629086295	13.968725430930576
2.545	13.151663700958515	13.95971376883966
2.55	13.174979395013679	13.944105965139329
2.5549999999999997	13.201884516768061	13.913791268031398
2.56	13.218689146188813	13.898601810032485
2.565	13.297137692350233	13.888145423284673
2.5700000000000003	13.336774386841736	13.879055839682277
2.575	13.407402974717819	13.870438794717783
2.58	13.417348755784275	13.854273690515987
2.585	13.49455154566484	13.825924260456732
2.59	13.510637479007613	13.510637479007615