
4.18202920054e+00 3.44493858361e+00 4.16806375874e+00 3.65859971980e+00
4.18901192143e+00 3.45618390656e+00 4.17504647964e+00 3.66984504276e+00
4.19599464233e+00 3.45618390656e+00 4.18202920054e+00 3.68109036572e+00
4.20297736323e+00 3.46742922952e+00 4.18901192143e+00 3.68109036572e+00
4.20996008413e+00 3.47867455248e+00 4.19599464233e+00 3.69233568867e+00
4.21694280503e+00 3.48991987544e+00 4.20297736323e+00 3.70358101163e+00
4.22392552592e+00 3.50116519839e+00 4.20996008413e+00 3.70358101163e+00
4.23090824682e+00 3.50116519839e+00 4.21694280503e+00 3.71482633459e+00
4.23789096772e+00 3.51241052135e+00 4.22392552592e+00 3.71482633459e+00
4.24487368862e+00 3.52365584431e+00 4.23090824682e+00 3.72607165755e+00
4.25185640952e+00 3.53490116727e+00 4.23789096772e+00 3.73731698050e+00
4.25883913041e+00 3.54614649022e+00 4.24487368862e+00 3.73731698050e+00
4.26582185131e+00 3.55739181318e+00 4.25185640952e+00 3.74856230346e+00
4.27280457221e+00 3.55739181318e+00 4.25883913041e+00 3.75980762642e+00
4.27978729311e+00 3.56863713614e+00 4.26582185131e+00 3.75980762642e+00
4.28677001401e+00 3.57988245910e+00 4.27280457221e+00 3.77105294938e+00
4.29375273490e+00 3.59112778206e+00 4.27978729311e+00 3.78229827233e+00
4.30073545580e+00 3.60237310501e+00 4.28677001401e+00 3.78229827233e+00
4.30771817670e+00 3.60237310501e+00 4.29375273490e+00 3.79354359529e+00
4.31470089760e+00 3.61361842797e+00 4.30073545580e+00 3.80478891825e+00
4.32168361849e+00 3.62486375093e+00 4.30771817670e+00 3.80478891825e+00
4.32866633939e+00 3.63610907389e+00 4.31470089760e+00 3.81603424121e+00
4.33564906029e+00 3.64735439684e+00 4.32168361849e+00 3.81603424121e+00
4.34263178119e+00 3.64735439684e+00 4.32866633939e+00 3.82727956417e+00
4.34961450209e+00 3.65859971980e+00 4.33564906029e+00 3.83852488712e+00
4.35659722298e+00 3.66984504276e+00 4.34263178119e+00 3.83852488712e+00
4.36357994388e+00 3.68109036572e+00 4.34961450209e+00 3.84977021008e+00
4.37056266478e+00 3.69233568867e+00 4.35659722298e+00 3.86101553304e+00
4.37754538568e+00 3.70358101163e+00 4.36357994388e+00 3.86101553304e+00
4.38452810658e+00 3.70358101163e+00 4.37056266478e+00 3.87226085600e+00
4.39151082747e+00 3.71482633459e+00 4.37754538568e+00 3.88350617895e+00
4.39849354837e+00 3.72607165755e+00 4.38452810658e+00 3.88350617895e+00
4.40547626927e+00 3.73731698050e+00 4.39151082747e+00 3.89475150191e+00
4.41245899017e+00 3.74856230346e+00 4.39849354837e+00 3.89475150191e+00
4.41944171107e+00 3.74856230346e+00 4.40547626927e+00 3.90599682487e+00
4.42642443196e+00 3.75980762642e+00 4.41245899017e+00 3.91724214783e+00
4.43340715286e+00 3.77105294938e+00 4.41944171107e+00 3.91724214783e+00
4.44038987376e+00 3.78229827233e+00 4.42642443196e+00 3.92848747078e+00
4.44737259466e+00 3.79354359529e+00 4.43340715286e+00 3.93973279374e+00
4.45435531555e+00 3.79354359529e+00 4.44038987376e+00 3.93973279374e+00
4.46133803645e+00 3.80478891825e+00 4.44737259466e+00 3.95097811670e+00
4.46832075735e+00 3.81603424121e+00 4.45435531555e+00 3.96222343966e+00
4.47530347825e+00 3.82727956417e+00 4.46133803645e+00 3.96222343966e+00
4.48228619915e+00 3.83852488712e+00 4.46832075735e+00 3.97346876261e+00
4.48926892004e+00 3.83852488712e+00 4.47530347825e+00 3.98471408557e+00
4.49625164094e+00 3.84977021008e+00 4.48228619915e+00 3.98471408557e+00
4.50323436184e+00 3.86101553304e+00 4.48926892004e+00 3.99595940853e+00
4.51021708274e+00 3.87226085600e+00 4.49625164094e+00 3.99595940853e+00
4.51719980364e+00 3.88350617895e+00 4.50323436184e+00 4.00720473149e+00
4.52418252453e+00 3.89475150191e+00 4.51021708274e+00 4.01845005444e+00
4.53116524543e+00 3.89475150191e+00 4.51719980364e+00 4.01845005444e+00
4.53814796633e+00 3.90599682487e+00 4.52418252453e+00 4.02969537740e+00
4.54513068723e+00 3.91724214783e+00 4.53116524543e+00 4.04094070036e+00
4.55211340812e+00 3.92848747078e+00 4.53814796633e+00 4.04094070036e+00
4.55909612902e+00 3.93973279374e+00 4.54513068723e+00 4.05218602332e+00
4.56607884992e+00 3.93973279374e+00 4.55211340812e+00 4.06343134628e+00
4.57306157082e+00 3.95097811670e+00 4.55909612902e+00 4.06343134628e+00
4.58004429172e+00 3.96222343966e+00 4.56607884992e+00 4.07467666923e+00
4.58702701261e+00 3.97346876261e+00 4.57306157082e+00 4.07467666923e+00
4.59400973351e+00 3.98471408557e+00 4.58004429172e+00 4.08592199219e+00
4.60099245441e+00 3.98471408557e+00 4.58702701261e+00 4.09716731515e+00
4.60797517531e+00 3.99595940853e+00 4.59400973351e+00 4.09716731515e+00
4.61495789621e+00 4.00720473149e+00 4.60099245441e+00 4.10841263811e+00
4.62194061710e+00 4.01845005444e+00 4.60797517531e+00 4.11965796106e+00
4.62892333800e+00 4.06343134628e+00 4.61495789621e+00 4.11965796106e+00
4.63590605890e+00 4.08592199219e+00 4.62194061710e+00 4.13090328402e+00
4.64288877980e+00 4.10841263811e+00 4.62892333800e+00 4.13090328402e+00
